   7.8000000e-01
   8.0000000e-01
   7.6000000e-01
   7.8000000e-01
   7.0000000e-01
   7.2000000e-01
   7.0000000e-01
   7.2000000e-01
   7.0000000e-01
   7.2000000e-01
   6.8000000e-01
   6.6000000e-01
   6.6000000e-01
   6.4000000e-01
   5.8000000e-01
   6.8000000e-01
   9.0000000e-01
   8.8000000e-01
   7.6000000e-01
   6.8000000e-01
   6.6000000e-01
   6.8000000e-01
   2.0600000e+00
   3.1600000e+00
   7.4000000e-01
   7.8000000e-01
   7.6000000e-01
   7.4000000e-01
   7.2000000e-01
   6.8000000e-01
   6.8000000e-01
   6.6000000e-01
   1.2600000e+00
   6.6000000e-01
   7.8000000e-01
   8.4000000e-01
   7.6000000e-01
   7.0000000e-01
   6.2000000e-01
   6.4000000e-01
   6.4000000e-01
   6.6000000e-01
   6.8000000e-01
   6.8000000e-01
   6.6000000e-01
   7.2000000e-01
   7.4000000e-01
   7.6000000e-01
   6.6000000e-01
   6.2000000e-01
   1.1800000e+00
   5.8000000e-01
   6.2000000e-01
   6.6000000e-01
   7.0000000e-01
   7.0000000e-01
   1.3200000e+00
   5.8000000e-01
   6.6000000e-01
   7.0000000e-01
   7.2000000e-01
   7.4000000e-01
   7.8000000e-01
   7.0000000e-01
   1.2600000e+00
   7.4000000e-01
   9.8000000e-01
   8.8000000e-01
   8.4000000e-01
   7.6000000e-01
   6.8000000e-01
   7.2000000e-01
   7.6000000e-01
   8.2000000e-01
   1.3600000e+00
   6.8000000e-01
   7.8000000e-01
   8.6000000e-01
   1.6600000e+00
   7.8000000e-01
   7.4000000e-01
   7.6000000e-01
   8.0000000e-01
   1.3800000e+00
   7.4000000e-01
   7.2000000e-01
   7.8000000e-01
   8.0000000e-01
   1.3200000e+00
   6.6000000e-01
   7.0000000e-01
   7.0000000e-01
   7.2000000e-01
   7.4000000e-01
   7.2000000e-01
   1.9400000e+00
   7.0000000e-01
   7.4000000e-01
   8.4000000e-01
   7.6000000e-01
   6.8000000e-01
   6.2000000e-01
   6.4000000e-01
   7.0000000e-01
   7.4000000e-01
   1.4000000e+00
   7.0000000e-01
   8.0000000e-01
   8.8000000e-01
   7.2000000e-01
   7.0000000e-01
   7.4000000e-01
   7.4000000e-01
   1.4000000e+00
   7.2000000e-01
   9.4000000e-01
   9.2000000e-01
   1.5800000e+00
   7.4000000e-01
   7.8000000e-01
   8.2000000e-01
   7.4000000e-01
   7.4000000e-01
   7.6000000e-01
   8.8000000e-01
   8.4000000e-01
   8.6000000e-01
   8.2000000e-01
   1.4600000e+00
   7.2000000e-01
   8.0000000e-01
   8.6000000e-01
   8.2000000e-01
   7.4000000e-01
   6.6000000e-01
   7.4000000e-01
   9.0000000e-01
   8.8000000e-01
   8.0000000e-01
   7.0000000e-01
   7.4000000e-01
   8.0000000e-01
   8.0000000e-01
   8.4000000e-01
   7.8000000e-01
   7.0000000e-01
   8.6000000e-01
   8.8000000e-01
   9.2000000e-01
   8.8000000e-01
   7.8000000e-01
   7.0000000e-01
   7.2000000e-01
   8.0000000e-01
   8.6000000e-01
   8.8000000e-01
   8.8000000e-01
   8.4000000e-01
   8.2000000e-01
   7.8000000e-01
   7.4000000e-01
   7.0000000e-01
   8.4000000e-01
   8.8000000e-01
   9.2000000e-01
   8.0000000e-01
   8.0000000e-01
   8.8000000e-01
   9.4000000e-01
   8.0000000e-01
   7.8000000e-01
   8.0000000e-01
   8.2000000e-01
   8.4000000e-01
   9.4000000e-01
   8.6000000e-01
   8.4000000e-01
   8.8000000e-01
   8.0000000e-01
   8.0000000e-01
   7.8000000e-01
   7.8000000e-01
   7.8000000e-01
   7.4000000e-01
   8.8000000e-01
   9.2000000e-01
   9.2000000e-01
   7.8000000e-01
   6.8000000e-01
   7.2000000e-01
   7.8000000e-01
   8.2000000e-01
   1.4600000e+00
   1.6600000e+00
   3.2600000e+00
   7.8000000e-01
   7.6000000e-01
   1.3800000e+00
   6.6000000e-01
   7.2000000e-01
   8.2000000e-01
   7.8000000e-01
   7.2000000e-01
   6.4000000e-01
   6.8000000e-01
   7.2000000e-01
   7.8000000e-01
   7.4000000e-01
   6.8000000e-01
   7.4000000e-01
   7.8000000e-01
   7.6000000e-01
   7.2000000e-01
   7.0000000e-01
   7.2000000e-01
   7.6000000e-01
   7.6000000e-01
   7.4000000e-01
   7.6000000e-01
   7.0000000e-01
   7.4000000e-01
   7.4000000e-01
   7.2000000e-01
   7.4000000e-01
   8.0000000e-01
   7.6000000e-01
   7.4000000e-01
   6.8000000e-01
   7.2000000e-01
   7.6000000e-01
   8.4000000e-01
   7.8000000e-01
   7.2000000e-01
   6.6000000e-01
   7.0000000e-01
   8.2000000e-01
   9.0000000e-01
   9.0000000e-01
   7.8000000e-01
   6.8000000e-01
   7.2000000e-01
   7.6000000e-01
   9.2000000e-01
   9.2000000e-01
   9.0000000e-01
   8.4000000e-01
   9.6000000e-01
   8.0000000e-01
   8.0000000e-01
   8.0000000e-01
   8.0000000e-01
   7.8000000e-01
   7.6000000e-01
   8.0000000e-01
   8.4000000e-01
   8.2000000e-01
   9.0000000e-01
   7.8000000e-01
   7.0000000e-01
   7.2000000e-01
   7.4000000e-01
   8.2000000e-01
   8.2000000e-01
   7.4000000e-01
   7.0000000e-01
   8.0000000e-01
   9.0000000e-01
   9.2000000e-01
   8.2000000e-01
   7.8000000e-01
   7.6000000e-01
   7.4000000e-01
   6.8000000e-01
   6.2000000e-01
   6.2000000e-01
   7.8000000e-01
   1.7400000e+00
   8.8000000e-01
   2.5200000e+00
   1.7600000e+00
   1.5600000e+00
   7.8000000e-01
   7.4000000e-01
   7.2000000e-01
   6.6000000e-01
   6.4000000e-01
   7.2000000e-01
   8.6000000e-01
   7.4000000e-01
