   3.3000000e+01
   4.9000000e+01
   6.3000000e+01
   3.3000000e+01
   4.8000000e+01
   5.0000000e+01
   1.7000000e+01
   4.6000000e+01
   3.1000000e+01
   4.8000000e+01
   6.3000000e+01
   3.3000000e+01
   4.7000000e+01
   6.7000000e+01
   3.6000000e+01
   5.0000000e+01
   6.4000000e+01
   3.2000000e+01
   4.7000000e+01
   6.2000000e+01
   3.4000000e+01
   4.7000000e+01
   6.3000000e+01
   3.4000000e+01
   4.7000000e+01
   6.5000000e+01
   3.4000000e+01
   4.9000000e+01
   6.9000000e+01
   3.4000000e+01
   4.8000000e+01
   6.9000000e+01
   5.0000000e+01
   3.3000000e+01
   5.1000000e+01
   6.7000000e+01
   3.4000000e+01
   4.8000000e+01
   4.6000000e+01
   4.9000000e+01
   4.7000000e+01
   5.0000000e+01
   5.6000000e+01
   6.7000000e+01
   3.4000000e+01
   4.6000000e+01
   4.9000000e+01
   6.0000000e+01
   3.4000000e+01
   5.8000000e+01
   7.2000000e+01
   3.5000000e+01
   4.8000000e+01
   4.8000000e+01
   4.7000000e+01
   5.2000000e+01
   4.7000000e+01
   5.2000000e+01
   5.0000000e+01
   5.0000000e+01
   5.2000000e+01
   4.8000000e+01
   4.8000000e+01
   5.4000000e+01
   5.9000000e+01
   6.2000000e+01
   4.1000000e+01
   4.2000000e+01
   4.3000000e+01
   3.1000000e+01
   5.0000000e+01
   6.6000000e+01
   3.9000000e+01
   5.2000000e+01
   6.7000000e+01
   3.3000000e+01
   4.7000000e+01
   4.8000000e+01
   4.7000000e+01
   4.6000000e+01
   5.0000000e+01
   6.2000000e+01
   3.2000000e+01
   4.7000000e+01
   5.1000000e+01
   6.2000000e+01
   3.4000000e+01
   4.8000000e+01
   5.0000000e+01
   6.3000000e+01
   3.6000000e+01
   5.1000000e+01
   5.5000000e+01
   5.0000000e+01
   4.7000000e+01
   5.2000000e+01
   6.2000000e+01
   3.5000000e+01
   5.8000000e+01
   6.6000000e+01
   3.5000000e+01
   4.8000000e+01
   4.7000000e+01
   4.5000000e+01
   4.9000000e+01
   5.6000000e+01
   5.0000000e+01
   5.2000000e+01
   5.1000000e+01
   4.8000000e+01
   4.7000000e+01
   5.5000000e+01
   6.2000000e+01
   3.2000000e+01
   4.7000000e+01
   4.9000000e+01
   4.7000000e+01
   5.3000000e+01
   5.7000000e+01
   5.1000000e+01
   5.6000000e+01
   5.4000000e+01
   6.2000000e+01
   3.6000000e+01
   5.3000000e+01
   4.9000000e+01
   4.8000000e+01
   5.0000000e+01
   4.7000000e+01
   4.8000000e+01
   5.0000000e+01
   6.0000000e+01
   3.4000000e+01
   4.8000000e+01
   5.0000000e+01
   4.6000000e+01
   4.4000000e+01
   4.4000000e+01
   4.8000000e+01
   6.0000000e+01
   3.3000000e+01
   5.0000000e+01
   5.1000000e+01
   4.8000000e+01
   4.8000000e+01
   4.8000000e+01
   4.6000000e+01
   4.7000000e+01
   5.3000000e+01
   6.1000000e+01
   3.5000000e+01
   5.3000000e+01
   6.1000000e+01
   3.2000000e+01
   4.7000000e+01
   4.2000000e+01
   4.3000000e+01
   4.6000000e+01
   5.6000000e+01
   2.9000000e+01
   4.2000000e+01
   4.4000000e+01
   4.9000000e+01
   4.7000000e+01
   4.7000000e+01
   4.7000000e+01
   6.0000000e+01
   3.5000000e+01
   4.6000000e+01
   4.8000000e+01
   4.6000000e+01
   4.7000000e+01
   5.0000000e+01
   4.6000000e+01
   4.7000000e+01
   5.0000000e+01
   6.3000000e+01
   3.4000000e+01
   4.9000000e+01
   5.1000000e+01
   4.6000000e+01
   4.8000000e+01
   5.2000000e+01
   6.3000000e+01
   3.6000000e+01
   5.1000000e+01
   5.1000000e+01
   4.6000000e+01
   4.7000000e+01
   4.9000000e+01
   4.8000000e+01
   4.8000000e+01
   5.3000000e+01
   6.5000000e+01
   3.2000000e+01
   4.7000000e+01
   5.2000000e+01
   5.0000000e+01
   4.6000000e+01
   4.7000000e+01
   5.0000000e+01
   4.7000000e+01
   4.8000000e+01
   5.4000000e+01
   4.9000000e+01
   4.7000000e+01
   4.9000000e+01
   6.1000000e+01
   3.2000000e+01
   4.7000000e+01
   4.9000000e+01
   4.9000000e+01
   4.5000000e+01
   4.8000000e+01
   5.2000000e+01
   5.0000000e+01
   5.1000000e+01
   6.6000000e+01
   3.3000000e+01
   4.9000000e+01
   4.9000000e+01
   6.2000000e+01
   3.2000000e+01
   4.7000000e+01
   5.1000000e+01
   4.8000000e+01
   4.8000000e+01
   5.0000000e+01
   6.1000000e+01
   3.3000000e+01
   4.9000000e+01
   5.0000000e+01
   6.5000000e+01
   3.6000000e+01
   4.9000000e+01
   6.3000000e+01
   3.3000000e+01
   4.5000000e+01
   4.7000000e+01
   6.6000000e+01
   3.5000000e+01
   5.1000000e+01
   6.9000000e+01
   5.4000000e+01
   4.5000000e+01
   3.3000000e+01
   4.8000000e+01
   6.0000000e+01
   3.4000000e+01
   5.3000000e+01
   6.7000000e+01
   3.3000000e+01
   4.8000000e+01
   5.2000000e+01
   6.1000000e+01
   3.6000000e+01
   5.2000000e+01
   6.5000000e+01
   3.3000000e+01
   4.9000000e+01
   6.2000000e+01
   3.2000000e+01
