   6.0000000e-01
   5.4000000e-01
   6.2000000e-01
   6.4000000e-01
   5.4000000e-01
   6.4000000e-01
   6.2000000e-01
   6.2000000e-01
   6.2000000e-01
   6.2000000e-01
   6.2000000e-01
   6.4000000e-01
   6.0000000e-01
   6.0000000e-01
   6.2000000e-01
   6.2000000e-01
   5.8000000e-01
   6.2000000e-01
   6.2000000e-01
   6.4000000e-01
   5.8000000e-01
   6.2000000e-01
   6.2000000e-01
   5.8000000e-01
   6.2000000e-01
   6.2000000e-01
   6.0000000e-01
   6.0000000e-01
   1.2000000e+00
   6.2000000e-01
   6.2000000e-01
   6.0000000e-01
   6.0000000e-01
   5.8000000e-01
   6.4000000e-01
   5.6000000e-01
   6.2000000e-01
   5.8000000e-01
   6.0000000e-01
   6.0000000e-01
   5.8000000e-01
   6.0000000e-01
   6.2000000e-01
   5.6000000e-01
   6.0000000e-01
   6.0000000e-01
   5.8000000e-01
   6.0000000e-01
   5.8000000e-01
   5.8000000e-01
   5.8000000e-01
   6.6000000e-01
   6.4000000e-01
   5.6000000e-01
   6.4000000e-01
   6.0000000e-01
   6.0000000e-01
   6.0000000e-01
   6.0000000e-01
   6.0000000e-01
   6.2000000e-01
   6.2000000e-01
   6.2000000e-01
   6.2000000e-01
   6.2000000e-01
   6.0000000e-01
   5.8000000e-01
   6.8000000e-01
   6.8000000e-01
   5.8000000e-01
   6.4000000e-01
   6.0000000e-01
   6.2000000e-01
   5.8000000e-01
   6.0000000e-01
   5.6000000e-01
   6.0000000e-01
   5.6000000e-01
   6.2000000e-01
   6.0000000e-01
   1.2000000e+00
   6.0000000e-01
   5.4000000e-01
   6.4000000e-01
   5.8000000e-01
   5.8000000e-01
   5.6000000e-01
   1.1800000e+00
   6.4000000e-01
   1.0400000e+00
   6.6000000e-01
   6.6000000e-01
   6.6000000e-01
   5.8000000e-01
   5.8000000e-01
   5.8000000e-01
   5.8000000e-01
   6.2000000e-01
   5.6000000e-01
   6.2000000e-01
   6.0000000e-01
   5.8000000e-01
   5.8000000e-01
   6.0000000e-01
   6.2000000e-01
   6.2000000e-01
   6.0000000e-01
   6.4000000e-01
   6.0000000e-01
   6.0000000e-01
   6.2000000e-01
   6.0000000e-01
   6.2000000e-01
   6.2000000e-01
   6.2000000e-01
   6.0000000e-01
   5.8000000e-01
   6.4000000e-01
   6.0000000e-01
   6.0000000e-01
   6.2000000e-01
   6.2000000e-01
   6.2000000e-01
   6.0000000e-01
   6.4000000e-01
   6.0000000e-01
   6.0000000e-01
   6.4000000e-01
   5.8000000e-01
   5.8000000e-01
   5.8000000e-01
   5.8000000e-01
   6.0000000e-01
   6.2000000e-01
   5.8000000e-01
   6.0000000e-01
   5.8000000e-01
   6.0000000e-01
   6.0000000e-01
   6.0000000e-01
   6.4000000e-01
   6.0000000e-01
   6.0000000e-01
   6.4000000e-01
   6.0000000e-01
   6.0000000e-01
   5.0000000e-01
   5.0000000e-01
   8.0000000e-01
   6.4000000e-01
   6.0000000e-01
   6.0000000e-01
   5.8000000e-01
   5.8000000e-01
   6.2000000e-01
   6.0000000e-01
   6.2000000e-01
   6.2000000e-01
   6.2000000e-01
   6.4000000e-01
   6.4000000e-01
   6.0000000e-01
   6.2000000e-01
   6.2000000e-01
   6.4000000e-01
   6.4000000e-01
   6.0000000e-01
   6.2000000e-01
   6.2000000e-01
   6.0000000e-01
   6.4000000e-01
   5.8000000e-01
   6.4000000e-01
   5.8000000e-01
   6.2000000e-01
   5.8000000e-01
   6.4000000e-01
   4.6000000e-01
   7.0000000e-01
   7.0000000e-01
   7.0000000e-01
   1.1600000e+00
   5.8000000e-01
   5.6000000e-01
   5.6000000e-01
   6.4000000e-01
   1.1800000e+00
   1.1800000e+00
   1.1800000e+00
   1.1800000e+00
   6.0000000e-01
   6.2000000e-01
   6.2000000e-01
   6.4000000e-01
   6.2000000e-01
   6.4000000e-01
   6.2000000e-01
   6.2000000e-01
   6.4000000e-01
   6.2000000e-01
   6.2000000e-01
   6.2000000e-01
   6.4000000e-01
   6.0000000e-01
   6.2000000e-01
   6.6000000e-01
   5.8000000e-01
   6.6000000e-01
   6.2000000e-01
   6.4000000e-01
   6.0000000e-01
   6.6000000e-01
   6.2000000e-01
   6.2000000e-01
   6.4000000e-01
   6.2000000e-01
   6.6000000e-01
   6.2000000e-01
   6.2000000e-01
   6.4000000e-01
   6.6000000e-01
   6.4000000e-01
   6.6000000e-01
   6.2000000e-01
   6.4000000e-01
   6.4000000e-01
   6.2000000e-01
   6.2000000e-01
   6.2000000e-01
   6.4000000e-01
   6.0000000e-01
   6.4000000e-01
   6.2000000e-01
   6.2000000e-01
   6.4000000e-01
   6.4000000e-01
   6.6000000e-01
   6.4000000e-01
   6.2000000e-01
   6.8000000e-01
   6.2000000e-01
   6.6000000e-01
   6.4000000e-01
   6.6000000e-01
   6.2000000e-01
   6.4000000e-01
   6.4000000e-01
   6.0000000e-01
   6.4000000e-01
   6.0000000e-01
   6.4000000e-01
   6.4000000e-01
   6.2000000e-01
   6.4000000e-01
   6.4000000e-01
   6.4000000e-01
   6.4000000e-01
   6.4000000e-01
   6.2000000e-01
   6.2000000e-01
   6.2000000e-01
   6.4000000e-01
   6.2000000e-01
   6.2000000e-01
   6.4000000e-01
   6.2000000e-01
   6.2000000e-01
   6.6000000e-01
   6.4000000e-01
   6.4000000e-01
   6.2000000e-01
   6.0000000e-01
   6.2000000e-01
   6.2000000e-01
   6.2000000e-01
   6.2000000e-01
   6.2000000e-01
   6.6000000e-01
   5.8000000e-01
   6.4000000e-01
   6.8000000e-01
   6.2000000e-01
   6.6000000e-01
   6.0000000e-01
   6.0000000e-01
   6.2000000e-01
   6.4000000e-01
   6.4000000e-01
   6.2000000e-01
   6.4000000e-01
   6.2000000e-01
   6.2000000e-01
   6.4000000e-01
   6.4000000e-01
   6.2000000e-01
   6.0000000e-01
   6.2000000e-01
   5.8000000e-01
   6.4000000e-01
   6.0000000e-01
   6.6000000e-01
   6.4000000e-01
   6.0000000e-01
   6.6000000e-01
   6.2000000e-01
   6.0000000e-01
   6.4000000e-01
   6.0000000e-01
   5.8000000e-01
   6.4000000e-01
   6.0000000e-01
   5.8000000e-01
   6.2000000e-01
   6.6000000e-01
   5.8000000e-01
   6.2000000e-01
   6.2000000e-01
   6.2000000e-01
   6.0000000e-01
   6.4000000e-01
   6.0000000e-01
   5.8000000e-01
   6.0000000e-01
   6.0000000e-01
   6.6000000e-01
   5.6000000e-01
   6.2000000e-01
   6.6000000e-01
   6.2000000e-01
   5.8000000e-01
   6.4000000e-01
   6.0000000e-01
   5.8000000e-01
   6.2000000e-01
   6.0000000e-01
   6.6000000e-01
   6.6000000e-01
   6.0000000e-01
   6.4000000e-01
   6.0000000e-01
   6.6000000e-01
   6.2000000e-01
   6.0000000e-01
   6.2000000e-01
   6.0000000e-01
   5.8000000e-01
   6.2000000e-01
   6.2000000e-01
   6.2000000e-01
   6.2000000e-01
   6.2000000e-01
   6.2000000e-01
   6.4000000e-01
   6.0000000e-01
   6.4000000e-01
   6.2000000e-01
   5.8000000e-01
   6.4000000e-01
   6.4000000e-01
   6.0000000e-01
   6.6000000e-01
   5.8000000e-01
   6.2000000e-01
   6.4000000e-01
   6.2000000e-01
   6.0000000e-01
   6.2000000e-01
   5.8000000e-01
   6.6000000e-01
   5.8000000e-01
   6.0000000e-01
   6.4000000e-01
   6.2000000e-01
   6.0000000e-01
   6.2000000e-01
   8.4000000e-01
   1.0000000e+00
   5.8000000e-01
   1.1400000e+00
   6.2000000e-01
   5.8000000e-01
   1.1800000e+00
   6.2000000e-01
   6.2000000e-01
   6.0000000e-01
   6.0000000e-01
   5.8000000e-01
   5.8000000e-01
   6.0000000e-01
   6.4000000e-01
   6.4000000e-01
   6.4000000e-01
   6.4000000e-01
   6.2000000e-01
   6.2000000e-01
   6.4000000e-01
   6.2000000e-01
   6.4000000e-01
   6.2000000e-01
   6.6000000e-01
   6.0000000e-01
   6.4000000e-01
   6.4000000e-01
   6.6000000e-01
   6.0000000e-01
   6.2000000e-01
   6.0000000e-01
   6.2000000e-01
   6.0000000e-01
   6.2000000e-01
   6.2000000e-01
   6.0000000e-01
   5.8000000e-01
   6.6000000e-01
   6.4000000e-01
   6.2000000e-01
   5.8000000e-01
   6.0000000e-01
   5.8000000e-01
   5.8000000e-01
   6.0000000e-01
   6.0000000e-01
   6.2000000e-01
   6.2000000e-01
   6.4000000e-01
   6.2000000e-01
   6.4000000e-01
   6.2000000e-01
   6.2000000e-01
   6.2000000e-01
   6.0000000e-01
   6.2000000e-01
   6.4000000e-01
   6.4000000e-01
   6.4000000e-01
   6.4000000e-01
   6.0000000e-01
   6.6000000e-01
   6.8000000e-01
   6.6000000e-01
   6.4000000e-01
   6.4000000e-01
   6.4000000e-01
   6.0000000e-01
   6.2000000e-01
   6.4000000e-01
   1.2000000e+00
   7.0000000e-01
   6.6000000e-01
   6.4000000e-01
   6.8000000e-01
   6.4000000e-01
   6.6000000e-01
   6.6000000e-01
   6.4000000e-01
   6.2000000e-01
   6.8000000e-01
   6.2000000e-01
   6.4000000e-01
   6.8000000e-01
   6.4000000e-01
   6.4000000e-01
   6.4000000e-01
   6.2000000e-01
   6.6000000e-01
   6.6000000e-01
   6.6000000e-01
   6.4000000e-01
   6.6000000e-01
   6.4000000e-01
   6.6000000e-01
   6.0000000e-01
   6.6000000e-01
   6.2000000e-01
   6.4000000e-01
   6.2000000e-01
   6.4000000e-01
   6.2000000e-01
   6.4000000e-01
   6.4000000e-01
   6.4000000e-01
   6.0000000e-01
   6.0000000e-01
   6.2000000e-01
   6.0000000e-01
   6.2000000e-01
   6.2000000e-01
   6.2000000e-01
   6.0000000e-01
   6.4000000e-01
   7.4000000e-01
   1.1000000e+00
   6.2000000e-01
   1.1800000e+00
   5.6000000e-01
   6.6000000e-01
   6.2000000e-01
   5.4000000e-01
   5.4000000e-01
   5.4000000e-01
   6.0000000e-01
   6.0000000e-01
   1.2000000e+00
   6.4000000e-01
   6.4000000e-01
   6.2000000e-01
   6.2000000e-01
   6.0000000e-01
   6.0000000e-01
   6.0000000e-01
   6.4000000e-01
   6.2000000e-01
   6.2000000e-01
   6.2000000e-01
   6.2000000e-01
   6.4000000e-01
   6.0000000e-01
   6.0000000e-01
   6.4000000e-01
   6.2000000e-01
   6.0000000e-01
   6.4000000e-01
   6.2000000e-01
   6.4000000e-01
   6.0000000e-01
   6.4000000e-01
   6.4000000e-01
   6.4000000e-01
   6.2000000e-01
   6.4000000e-01
   6.2000000e-01
   6.2000000e-01
   6.4000000e-01
   6.2000000e-01
   6.2000000e-01
   6.4000000e-01
   6.2000000e-01
   6.2000000e-01
   6.4000000e-01
   6.2000000e-01
   6.4000000e-01
   6.0000000e-01
   6.4000000e-01
   6.0000000e-01
   6.2000000e-01
   7.2000000e-01
   5.6000000e-01
   6.0000000e-01
   6.2000000e-01
   6.4000000e-01
   6.2000000e-01
   6.6000000e-01
   6.2000000e-01
   5.8000000e-01
   6.6000000e-01
   6.0000000e-01
   6.4000000e-01
   6.4000000e-01
   6.0000000e-01
   6.6000000e-01
   6.4000000e-01
   6.4000000e-01
   6.4000000e-01
   6.4000000e-01
   6.0000000e-01
   6.2000000e-01
   6.2000000e-01
   6.4000000e-01
   6.2000000e-01
   6.6000000e-01
   6.0000000e-01
   6.2000000e-01
   6.4000000e-01
   6.4000000e-01
   6.2000000e-01
   6.0000000e-01
   6.2000000e-01
   6.2000000e-01
   6.2000000e-01
   6.4000000e-01
   6.0000000e-01
   6.4000000e-01
   6.0000000e-01
   6.4000000e-01
   6.2000000e-01
   6.2000000e-01
   6.4000000e-01
   6.2000000e-01
   6.4000000e-01
   6.2000000e-01
   6.4000000e-01
   6.4000000e-01
   6.6000000e-01
   6.4000000e-01
   6.4000000e-01
   6.6000000e-01
   6.0000000e-01
   6.2000000e-01
   6.0000000e-01
   6.0000000e-01
   6.2000000e-01
   5.8000000e-01
   6.4000000e-01
   6.0000000e-01
   6.6000000e-01
   6.0000000e-01
   6.6000000e-01
   6.2000000e-01
   6.4000000e-01
   6.2000000e-01
   6.2000000e-01
   6.2000000e-01
   6.2000000e-01
   6.4000000e-01
   6.4000000e-01
   5.8000000e-01
   6.6000000e-01
   6.2000000e-01
   6.4000000e-01
   6.0000000e-01
   6.4000000e-01
   6.0000000e-01
   5.8000000e-01
   6.6000000e-01
   6.0000000e-01
   6.2000000e-01
   6.2000000e-01
   6.4000000e-01
   6.2000000e-01
   6.6000000e-01
   6.0000000e-01
   6.2000000e-01
   6.0000000e-01
   6.0000000e-01
   6.2000000e-01
   6.2000000e-01
   6.4000000e-01
   6.0000000e-01
   6.2000000e-01
   6.0000000e-01
   6.4000000e-01
   6.2000000e-01
   6.0000000e-01
   6.2000000e-01
   6.2000000e-01
   6.0000000e-01
   6.2000000e-01
   6.0000000e-01
   6.2000000e-01
   6.6000000e-01
   5.8000000e-01
   6.2000000e-01
   6.2000000e-01
   6.2000000e-01
   6.2000000e-01
   6.0000000e-01
   5.8000000e-01
   6.0000000e-01
   6.4000000e-01
   6.2000000e-01
   1.2000000e+00
   6.2000000e-01
   6.2000000e-01
   6.0000000e-01
   6.2000000e-01
   6.2000000e-01
   6.0000000e-01
   6.0000000e-01
   6.0000000e-01
   5.8000000e-01
   6.6000000e-01
   1.1800000e+00
   6.4000000e-01
   1.2200000e+00
   6.0000000e-01
   5.4000000e-01
   6.0000000e-01
   6.0000000e-01
   1.1200000e+00
   6.6000000e-01
   6.6000000e-01
   6.0000000e-01
   6.4000000e-01
   6.4000000e-01
   6.2000000e-01
   6.2000000e-01
   6.4000000e-01
   6.4000000e-01
   6.4000000e-01
   6.4000000e-01
   6.4000000e-01
   6.2000000e-01
   6.4000000e-01
   6.2000000e-01
   6.4000000e-01
   6.2000000e-01
   6.2000000e-01
   6.8000000e-01
   6.2000000e-01
   6.2000000e-01
   6.6000000e-01
   6.4000000e-01
   6.4000000e-01
   6.4000000e-01
   6.4000000e-01
   6.2000000e-01
   6.6000000e-01
   6.6000000e-01
   6.6000000e-01
   6.6000000e-01
   6.4000000e-01
   6.2000000e-01
   6.2000000e-01
   6.2000000e-01
   6.2000000e-01
   6.4000000e-01
   6.4000000e-01
   6.4000000e-01
   6.4000000e-01
   6.2000000e-01
   6.4000000e-01
   6.6000000e-01
   6.2000000e-01
   6.6000000e-01
   6.2000000e-01
