   7.8000000e-01
   7.6000000e-01
   4.4000000e-01
   5.8000000e-01
   7.4000000e-01
   7.4000000e-01
   6.4000000e-01
   5.8000000e-01
   4.6000000e-01
   4.6000000e-01
   5.8000000e-01
   8.0000000e-01
   8.0000000e-01
   8.0000000e-01
   1.3000000e+00
   6.2000000e-01
   6.2000000e-01
   7.4000000e-01
   7.4000000e-01
   1.0800000e+00
   1.3000000e+00
   7.4000000e-01
   1.2000000e+00
   1.2000000e+00
   8.0000000e-01
   1.0000000e+00
   7.2000000e-01
   7.4000000e-01
   1.2000000e+00
   7.6000000e-01
   8.4000000e-01
   1.3200000e+00
   8.8000000e-01
   6.6000000e-01
   1.3400000e+00
   6.8000000e-01
   8.0000000e-01
   5.6000000e-01
   7.6000000e-01
   8.4000000e-01
   6.4000000e-01
   5.2000000e-01
   7.8000000e-01
   4.4000000e-01
   6.6000000e-01
   7.2000000e-01
   6.8000000e-01
   1.0000000e+00
   7.4000000e-01
   1.3200000e+00
   9.6000000e-01
   7.4000000e-01
   7.4000000e-01
   7.0000000e-01
   8.0000000e-01
   1.0200000e+00
   5.0000000e-01
   1.2800000e+00
   5.2000000e-01
   6.4000000e-01
   8.0000000e-01
   8.2000000e-01
   7.4000000e-01
   9.2000000e-01
   7.6000000e-01
   1.3200000e+00
   9.2000000e-01
   8.4000000e-01
   8.0000000e-01
   8.8000000e-01
   2.8000000e-01
   4.6000000e-01
   7.6000000e-01
   8.8000000e-01
   6.8000000e-01
   5.4000000e-01
   7.6000000e-01
   6.6000000e-01
   4.6000000e-01
   1.2400000e+00
   1.2400000e+00
   1.2400000e+00
   1.1400000e+00
   4.8000000e-01
   6.0000000e-01
   5.6000000e-01
   9.8000000e-01
   9.8000000e-01
   5.2000000e-01
   6.2000000e-01
   4.8000000e-01
   1.3000000e+00
   1.3000000e+00
   5.4000000e-01
   6.8000000e-01
   6.8000000e-01
   8.4000000e-01
   7.0000000e-01
   9.0000000e-01
   6.2000000e-01
   8.4000000e-01
   6.0000000e-01
   1.1200000e+00
   8.6000000e-01
   1.2400000e+00
   5.0000000e-01
   6.8000000e-01
   1.3200000e+00
   1.3200000e+00
   4.2000000e-01
   8.6000000e-01
   1.1800000e+00
   9.4000000e-01
   6.8000000e-01
   9.8000000e-01
   6.2000000e-01
   8.0000000e-01
   1.0200000e+00
   7.4000000e-01
   8.2000000e-01
   6.4000000e-01
   7.0000000e-01
   7.0000000e-01
   1.2400000e+00
   5.6000000e-01
   8.4000000e-01
   7.8000000e-01
   7.8000000e-01
   9.4000000e-01
   6.8000000e-01
   9.8000000e-01
   9.8000000e-01
   7.2000000e-01
   3.8000000e-01
   2.0000000e-01
   1.1600000e+00
   5.8000000e-01
   5.8000000e-01
   8.8000000e-01
   5.4000000e-01
   7.8000000e-01
   2.8000000e-01
   7.4000000e-01
   7.0000000e-01
   5.6000000e-01
   9.0000000e-01
   1.0600000e+00
   1.1200000e+00
   7.6000000e-01
   5.4000000e-01
   7.2000000e-01
   7.0000000e-01
   6.8000000e-01
   6.8000000e-01
   4.4000000e-01
   7.8000000e-01
   9.8000000e-01
   6.6000000e-01
   1.0400000e+00
   6.2000000e-01
   7.4000000e-01
   7.0000000e-01
   7.4000000e-01
   8.2000000e-01
   1.0800000e+00
   1.0800000e+00
   1.2800000e+00
   1.0600000e+00
   5.6000000e-01
   5.6000000e-01
   1.1400000e+00
   8.6000000e-01
   7.2000000e-01
   9.8000000e-01
   1.2600000e+00
   1.1000000e+00
   9.4000000e-01
   6.2000000e-01
   7.6000000e-01
   1.1000000e+00
   7.6000000e-01
   6.8000000e-01
   2.0000000e-01
   5.0000000e-01
   7.6000000e-01
   1.0200000e+00
   1.0200000e+00
   5.8000000e-01
   8.6000000e-01
   6.8000000e-01
   6.4000000e-01
   6.4000000e-01
   8.4000000e-01
   6.8000000e-01
   4.2000000e-01
   4.2000000e-01
   8.6000000e-01
   6.2000000e-01
   8.0000000e-01
   7.4000000e-01
   6.6000000e-01
   9.4000000e-01
   9.4000000e-01
   6.4000000e-01
   4.2000000e-01
   6.4000000e-01
   6.0000000e-01
   9.2000000e-01
   7.6000000e-01
   6.0000000e-01
   1.2000000e+00
   6.8000000e-01
   1.0000000e+00
   1.0000000e+00
   6.2000000e-01
   8.0000000e-01
   1.1400000e+00
   6.6000000e-01
   6.8000000e-01
   7.6000000e-01
   7.6000000e-01
   7.6000000e-01
   7.6000000e-01
   7.6000000e-01
   1.1600000e+00
   7.4000000e-01
   8.6000000e-01
   5.2000000e-01
   6.2000000e-01
   6.0000000e-01
   1.0400000e+00
   5.2000000e-01
   8.8000000e-01
   8.2000000e-01
   1.2800000e+00
   3.6000000e-01
   6.2000000e-01
   7.0000000e-01
   6.6000000e-01
   8.0000000e-01
   5.8000000e-01
   1.0600000e+00
   9.4000000e-01
   6.8000000e-01
   8.2000000e-01
   7.0000000e-01
   7.2000000e-01
   7.8000000e-01
   7.6000000e-01
   6.4000000e-01
   6.4000000e-01
   1.1200000e+00
   6.0000000e-01
   6.0000000e-01
   4.6000000e-01
   5.8000000e-01
   7.0000000e-01
   1.0600000e+00
   7.2000000e-01
   5.2000000e-01
   5.8000000e-01
   6.6000000e-01
   5.4000000e-01
   7.2000000e-01
   4.8000000e-01
   9.2000000e-01
   9.8000000e-01
   7.8000000e-01
   1.1200000e+00
   5.6000000e-01
   6.0000000e-01
   4.8000000e-01
   7.0000000e-01
   6.2000000e-01
   6.2000000e-01
   9.0000000e-01
   7.4000000e-01
   8.4000000e-01
   7.0000000e-01
   3.0000000e-01
   1.2000000e+00
   7.2000000e-01
   6.4000000e-01
   5.4000000e-01
   5.8000000e-01
   9.6000000e-01
   1.1200000e+00
   7.4000000e-01
   8.0000000e-01
   5.6000000e-01
   6.8000000e-01
   7.6000000e-01
   7.2000000e-01
   5.6000000e-01
   6.8000000e-01
   4.6000000e-01
   7.4000000e-01
   8.4000000e-01
   5.0000000e-01
   7.8000000e-01
   7.8000000e-01
   1.2000000e+00
   7.0000000e-01
   9.6000000e-01
   5.8000000e-01
   7.4000000e-01
   9.2000000e-01
   8.2000000e-01
   6.8000000e-01
   7.4000000e-01
   4.6000000e-01
   1.1000000e+00
   7.0000000e-01
   5.4000000e-01
   9.2000000e-01
   6.0000000e-01
   6.2000000e-01
   7.0000000e-01
   1.0800000e+00
   7.0000000e-01
   4.6000000e-01
   1.0400000e+00
   6.6000000e-01
   5.8000000e-01
   7.0000000e-01
   8.2000000e-01
   7.4000000e-01
   5.4000000e-01
   1.1600000e+00
   8.4000000e-01
   9.2000000e-01
   8.6000000e-01
   7.0000000e-01
   5.0000000e-01
   5.8000000e-01
   7.0000000e-01
   6.6000000e-01
   7.0000000e-01
   8.0000000e-01
   1.1600000e+00
   8.2000000e-01
   1.2400000e+00
   9.0000000e-01
   6.8000000e-01
   5.4000000e-01
   9.0000000e-01
   5.4000000e-01
   5.6000000e-01
   3.8000000e-01
   6.2000000e-01
   6.6000000e-01
   1.0800000e+00
   6.6000000e-01
   6.2000000e-01
   7.6000000e-01
   5.8000000e-01
   1.2400000e+00
   1.2400000e+00
   8.0000000e-01
   7.2000000e-01
   8.4000000e-01
   8.6000000e-01
   7.4000000e-01
   2.0000000e-01
   1.0000000e+00
   6.8000000e-01
   7.8000000e-01
   7.2000000e-01
   6.2000000e-01
   1.2400000e+00
   1.1800000e+00
   7.6000000e-01
   9.4000000e-01
   1.0600000e+00
   6.8000000e-01
   7.2000000e-01
   1.0800000e+00
   5.0000000e-01
   5.8000000e-01
   8.2000000e-01
   7.2000000e-01
   9.2000000e-01
   8.8000000e-01
   6.8000000e-01
   8.0000000e-01
   6.2000000e-01
   8.0000000e-01
   8.0000000e-01
   4.4000000e-01
   1.1400000e+00
   5.8000000e-01
   5.8000000e-01
   8.6000000e-01
   1.2600000e+00
   1.2600000e+00
   4.8000000e-01
   3.2000000e-01
   9.8000000e-01
   5.6000000e-01
   9.2000000e-01
   1.1400000e+00
   1.1400000e+00
   9.8000000e-01
   5.6000000e-01
   6.6000000e-01
   6.6000000e-01
   6.6000000e-01
   6.0000000e-01
   9.6000000e-01
   8.0000000e-01
   8.2000000e-01
   7.0000000e-01
   5.8000000e-01
   6.8000000e-01
   7.2000000e-01
   6.8000000e-01
   1.1200000e+00
   9.4000000e-01
   9.8000000e-01
   1.0200000e+00
   6.4000000e-01
   6.6000000e-01
   9.0000000e-01
   8.2000000e-01
   1.0000000e+00
   6.4000000e-01
   6.2000000e-01
   7.6000000e-01
   2.8000000e-01
   5.8000000e-01
   7.4000000e-01
   8.0000000e-01
   9.0000000e-01
   1.0800000e+00
   2.6000000e-01
   7.4000000e-01
   5.4000000e-01
   5.8000000e-01
   6.0000000e-01
   6.8000000e-01
   7.4000000e-01
   6.4000000e-01
   6.4000000e-01
   5.0000000e-01
   3.6000000e-01
   9.8000000e-01
   6.2000000e-01
   1.1600000e+00
   6.6000000e-01
   7.8000000e-01
   7.4000000e-01
   7.0000000e-01
   6.8000000e-01
   4.2000000e-01
   9.0000000e-01
   9.0000000e-01
   7.2000000e-01
   7.2000000e-01
   1.3200000e+00
   6.8000000e-01
   6.0000000e-01
   7.2000000e-01
   5.6000000e-01
   6.4000000e-01
   6.4000000e-01
   4.6000000e-01
   7.2000000e-01
   7.2000000e-01
   7.6000000e-01
   6.6000000e-01
   1.0800000e+00
   2.8000000e-01
   4.0000000e-01
   7.8000000e-01
   6.2000000e-01
   9.8000000e-01
   9.8000000e-01
   5.6000000e-01
   5.6000000e-01
   8.0000000e-01
   6.6000000e-01
   6.4000000e-01
   1.2600000e+00
   6.2000000e-01
   7.4000000e-01
   1.0000000e+00
   1.3000000e+00
   7.4000000e-01
   7.8000000e-01
   9.6000000e-01
   7.4000000e-01
   6.6000000e-01
   7.6000000e-01
   7.8000000e-01
   7.2000000e-01
   9.4000000e-01
   4.6000000e-01
   5.4000000e-01
   8.4000000e-01
   6.0000000e-01
   5.8000000e-01
   8.8000000e-01
   7.8000000e-01
   1.1000000e+00
   7.0000000e-01
   4.6000000e-01
   5.8000000e-01
   5.8000000e-01
   6.0000000e-01
   6.0000000e-01
   1.2000000e+00
   6.2000000e-01
   9.0000000e-01
   1.1800000e+00
   6.8000000e-01
   8.8000000e-01
   1.0400000e+00
   4.4000000e-01
   6.6000000e-01
   5.6000000e-01
   6.0000000e-01
   6.2000000e-01
   6.0000000e-01
   4.8000000e-01
   4.4000000e-01
   7.0000000e-01
   8.6000000e-01
   7.4000000e-01
   7.4000000e-01
   7.6000000e-01
   6.0000000e-01
   1.3200000e+00
   6.2000000e-01
   7.8000000e-01
   1.3200000e+00
   7.6000000e-01
   5.8000000e-01
   1.2800000e+00
   7.0000000e-01
   6.6000000e-01
   5.0000000e-01
   5.6000000e-01
   6.2000000e-01
   6.8000000e-01
   6.0000000e-01
   6.4000000e-01
   1.1200000e+00
   4.2000000e-01
   7.6000000e-01
   1.0400000e+00
   6.4000000e-01
   7.0000000e-01
   9.6000000e-01
   7.8000000e-01
   7.2000000e-01
   6.0000000e-01
   7.8000000e-01
   5.8000000e-01
   5.8000000e-01
   9.8000000e-01
   1.3000000e+00
   9.2000000e-01
   7.8000000e-01
   7.8000000e-01
   1.0000000e+00
   5.2000000e-01
   1.0000000e+00
   1.2400000e+00
   6.8000000e-01
   6.8000000e-01
   4.8000000e-01
   6.4000000e-01
   9.2000000e-01
   9.4000000e-01
   1.1800000e+00
   1.1200000e+00
   8.6000000e-01
   8.6000000e-01
   3.0000000e-01
   7.8000000e-01
   8.4000000e-01
   1.1200000e+00
   6.6000000e-01
   9.0000000e-01
   9.6000000e-01
   5.0000000e-01
   6.4000000e-01
   7.4000000e-01
   7.4000000e-01
   3.8000000e-01
   7.2000000e-01
   1.0400000e+00
   8.8000000e-01
   8.2000000e-01
   1.1800000e+00
   1.2400000e+00
   1.2400000e+00
   6.2000000e-01
   5.6000000e-01
   7.0000000e-01
   9.0000000e-01
   6.8000000e-01
   6.8000000e-01
   1.0600000e+00
   7.0000000e-01
   7.8000000e-01
   2.2000000e-01
   6.0000000e-01
   8.2000000e-01
   2.8000000e-01
   5.6000000e-01
   6.2000000e-01
   1.3400000e+00
   6.2000000e-01
   6.2000000e-01
   7.0000000e-01
   8.0000000e-01
   1.1800000e+00
   6.4000000e-01
   9.6000000e-01
   8.2000000e-01
   5.0000000e-01
   5.8000000e-01
   1.2600000e+00
   6.4000000e-01
