   1.0000000e+00
   1.0000000e+00
   1.8000000e+00
   9.6000000e-01
   1.0400000e+00
   1.2200000e+00
   1.2000000e+00
   1.0400000e+00
   1.0800000e+00
   1.0600000e+00
   9.6000000e-01
   9.8000000e-01
   1.0000000e+00
   1.0000000e+00
   1.0600000e+00
   1.0000000e+00
   1.0000000e+00
   1.0600000e+00
   1.0800000e+00
   1.0400000e+00
   1.0800000e+00
   1.0800000e+00
   9.8000000e-01
   1.0400000e+00
   1.1200000e+00
   1.0400000e+00
   1.1000000e+00
   1.0800000e+00
   1.0400000e+00
   1.1000000e+00
   1.0800000e+00
   1.0400000e+00
   1.0400000e+00
   1.0800000e+00
   1.0200000e+00
   1.0600000e+00
   1.0200000e+00
   1.0400000e+00
   1.1000000e+00
   1.0400000e+00
   1.0400000e+00
   1.1000000e+00
   1.1200000e+00
   1.1200000e+00
   1.2000000e+00
   1.1800000e+00
   1.1600000e+00
   1.1800000e+00
   1.2200000e+00
   1.0800000e+00
   1.1600000e+00
   1.2200000e+00
   1.1400000e+00
   1.2400000e+00
   1.1400000e+00
   1.1200000e+00
   1.1200000e+00
   1.0400000e+00
   1.0800000e+00
   1.1000000e+00
   1.0000000e+00
   1.1000000e+00
   1.1800000e+00
   1.1600000e+00
   1.1600000e+00
   1.1400000e+00
   1.0400000e+00
   1.0600000e+00
   1.0400000e+00
   9.8000000e-01
   1.0800000e+00
   1.1200000e+00
   1.0800000e+00
   1.1000000e+00
   1.1000000e+00
   9.4000000e-01
   1.0200000e+00
   1.0000000e+00
   9.8000000e-01
   1.0200000e+00
   1.0800000e+00
   1.0400000e+00
   1.1400000e+00
   1.1000000e+00
   1.0200000e+00
   1.0000000e+00
   1.0000000e+00
   9.2000000e-01
   1.0200000e+00
   1.0800000e+00
   1.0800000e+00
   1.1400000e+00
   1.1200000e+00
   1.0200000e+00
   1.1000000e+00
   1.1200000e+00
   1.0800000e+00
   1.0800000e+00
   1.1600000e+00
   1.1000000e+00
   1.1800000e+00
   1.2000000e+00
   1.0200000e+00
   1.0800000e+00
   1.0800000e+00
   1.0400000e+00
   1.2400000e+00
   1.2200000e+00
   1.2200000e+00
   1.1800000e+00
   1.0800000e+00
   1.1000000e+00
   1.1400000e+00
   1.0800000e+00
   1.0800000e+00
   1.1800000e+00
   1.1600000e+00
   1.1600000e+00
   1.1400000e+00
   1.0400000e+00
   1.1400000e+00
   1.1200000e+00
   1.1200000e+00
   1.1600000e+00
   1.1200000e+00
   1.0200000e+00
   1.0200000e+00
   1.0600000e+00
   9.6000000e-01
   1.0600000e+00
   1.1000000e+00
   1.0400000e+00
   1.0400000e+00
   1.1600000e+00
   1.1000000e+00
   1.0600000e+00
   1.1000000e+00
   1.1200000e+00
   9.6000000e-01
   9.8000000e-01
   9.8000000e-01
   9.6000000e-01
   9.8000000e-01
   1.0800000e+00
   1.1200000e+00
   1.0200000e+00
   1.0600000e+00
   9.8000000e-01
   2.0800000e+00
   2.0400000e+00
   1.0000000e+00
   1.0000000e+00
   1.0000000e+00
   1.0000000e+00
   1.0600000e+00
   1.0600000e+00
   1.1200000e+00
   1.1800000e+00
   1.0600000e+00
   1.0400000e+00
   1.0800000e+00
   9.6000000e-01
   9.8000000e-01
   9.8000000e-01
   9.8000000e-01
   1.1000000e+00
   1.2200000e+00
   1.0400000e+00
   1.1600000e+00
   1.1600000e+00
   1.0800000e+00
   1.0800000e+00
   1.1000000e+00
   1.0400000e+00
   1.0600000e+00
   1.0600000e+00
   1.0000000e+00
   1.1000000e+00
   1.1000000e+00
   1.0400000e+00
   1.1000000e+00
   1.1000000e+00
   1.1000000e+00
   9.8000000e-01
   1.1000000e+00
   1.7200000e+00
   1.3400000e+00
   2.0800000e+00
   1.9800000e+00
   1.1600000e+00
   1.1600000e+00
   1.1600000e+00
   1.5800000e+00
   1.0600000e+00
   1.0800000e+00
   1.0800000e+00
   1.0800000e+00
   1.1400000e+00
   1.3200000e+00
   1.3200000e+00
   1.3200000e+00
   1.3200000e+00
   1.3200000e+00
   1.8800000e+00
   1.8800000e+00
   1.0800000e+00
   1.0800000e+00
   1.0800000e+00
   1.1200000e+00
   1.2400000e+00
   1.1600000e+00
   1.1600000e+00
   1.2400000e+00
   1.1200000e+00
   1.2400000e+00
   1.2000000e+00
   1.0400000e+00
   1.1800000e+00
   1.1600000e+00
   1.0200000e+00
   1.2200000e+00
   1.2800000e+00
   1.1800000e+00
   1.2800000e+00
   1.2800000e+00
   1.2800000e+00
   1.6800000e+00
   8.0000000e-01
   1.2000000e+00
   1.1600000e+00
   1.1200000e+00
   1.1200000e+00
   1.1200000e+00
   9.6000000e-01
   9.6000000e-01
   9.6000000e-01
   1.1400000e+00
   1.2600000e+00
   9.0000000e-01
   9.0000000e-01
   1.1200000e+00
   1.0800000e+00
   1.1000000e+00
   1.1600000e+00
   1.1600000e+00
   1.1600000e+00
   1.0600000e+00
   1.0600000e+00
   1.3200000e+00
   8.8000000e-01
   1.0200000e+00
   1.1400000e+00
   1.1600000e+00
   1.1400000e+00
   1.3600000e+00
   1.0400000e+00
   9.4000000e-01
   1.0000000e+00
   9.2000000e-01
   1.4800000e+00
   1.8800000e+00
   1.8800000e+00
   1.8800000e+00
   1.1400000e+00
   1.0800000e+00
   1.2400000e+00
   1.0800000e+00
   1.0800000e+00
   1.0800000e+00
   1.1000000e+00
   9.6000000e-01
   9.8000000e-01
   1.1400000e+00
   1.1400000e+00
   1.2000000e+00
   7.8000000e-01
   1.3400000e+00
   1.5800000e+00
   6.4000000e-01
   2.0000000e+00
   1.1600000e+00
   1.1600000e+00
   9.0000000e-01
   8.6000000e-01
   1.0400000e+00
   9.6000000e-01
   9.6000000e-01
   9.6000000e-01
   9.6000000e-01
   9.8000000e-01
   1.0400000e+00
   1.0600000e+00
   2.0000000e+00
   2.0000000e+00
   1.0600000e+00
   1.0600000e+00
   1.0600000e+00
   1.0600000e+00
   1.0400000e+00
   1.1800000e+00
   1.1200000e+00
   1.1800000e+00
   1.1600000e+00
   1.2400000e+00
   1.0600000e+00
   1.1400000e+00
   1.2400000e+00
   1.0800000e+00
   1.1000000e+00
   1.2400000e+00
   1.1400000e+00
   1.1800000e+00
   1.1400000e+00
   1.1200000e+00
   1.1400000e+00
   1.1400000e+00
   1.1600000e+00
   1.2000000e+00
   1.2000000e+00
   1.1600000e+00
   1.2600000e+00
   1.1600000e+00
   1.1600000e+00
   1.1200000e+00
   1.0400000e+00
   1.1200000e+00
   1.2200000e+00
   1.2600000e+00
   1.2600000e+00
   1.2600000e+00
   1.1200000e+00
   1.1200000e+00
   1.1000000e+00
   1.0400000e+00
   1.1800000e+00
   1.2800000e+00
   1.2000000e+00
   1.2200000e+00
   1.2000000e+00
   1.0200000e+00
   1.2000000e+00
   1.1400000e+00
   1.0600000e+00
   1.0800000e+00
   1.1800000e+00
   1.2800000e+00
   1.1800000e+00
