   1.0400000e+00
   2.0800000e+00
   1.9800000e+00
   1.0000000e+00
   1.0000000e+00
   1.0200000e+00
   1.0000000e+00
   1.9800000e+00
   1.0600000e+00
   1.0000000e+00
   2.0000000e+00
   2.0000000e+00
   1.0800000e+00
   1.0200000e+00
   2.0400000e+00
   1.0600000e+00
   1.0200000e+00
   1.0400000e+00
   1.0200000e+00
   1.0400000e+00
   1.0200000e+00
   1.0200000e+00
   1.0600000e+00
   1.0200000e+00
   1.1000000e+00
   2.0800000e+00
   1.0400000e+00
   1.0400000e+00
   1.0600000e+00
   1.0600000e+00
   1.0600000e+00
   1.0200000e+00
   1.0600000e+00
   1.0400000e+00
   1.1000000e+00
   9.8000000e-01
   1.0400000e+00
   1.0400000e+00
   1.0000000e+00
   1.0600000e+00
   1.0200000e+00
   2.0600000e+00
   2.0600000e+00
   2.0600000e+00
   1.0600000e+00
   2.1200000e+00
   1.0800000e+00
   1.0600000e+00
   1.0000000e+00
   1.1200000e+00
   1.0600000e+00
   1.1000000e+00
   1.0400000e+00
   1.0600000e+00
   1.0800000e+00
   1.0400000e+00
   1.0800000e+00
   1.0400000e+00
   2.0600000e+00
   1.0600000e+00
   2.1200000e+00
   9.8000000e-01
   1.0400000e+00
   1.0200000e+00
   1.0000000e+00
   1.1200000e+00
   1.0600000e+00
   1.0600000e+00
   1.0800000e+00
   2.1000000e+00
   1.1000000e+00
   1.0400000e+00
   1.0600000e+00
   1.0200000e+00
   1.0600000e+00
   1.0200000e+00
   1.0400000e+00
   9.6000000e-01
   1.1000000e+00
   1.0400000e+00
   1.0200000e+00
   1.0200000e+00
   1.0200000e+00
   1.1200000e+00
   1.0600000e+00
   1.0800000e+00
   1.0800000e+00
   1.0600000e+00
   2.1000000e+00
   1.0600000e+00
   1.1000000e+00
   1.0200000e+00
   1.0600000e+00
   2.0600000e+00
   2.0600000e+00
   2.0600000e+00
   2.0600000e+00
   1.2200000e+00
   1.0600000e+00
   1.3600000e+00
   1.8200000e+00
   1.9600000e+00
   1.1800000e+00
   1.0400000e+00
   9.8000000e-01
   1.0200000e+00
   2.1600000e+00
   2.1200000e+00
   2.1200000e+00
   2.1200000e+00
   1.1000000e+00
   1.0400000e+00
   1.0800000e+00
   1.0000000e+00
   1.0800000e+00
   1.1400000e+00
   1.0000000e+00
   9.8000000e-01
   1.1400000e+00
   1.0200000e+00
   1.1000000e+00
   1.0200000e+00
   1.0800000e+00
   1.0800000e+00
   9.4000000e-01
   1.1600000e+00
   1.0800000e+00
   2.0600000e+00
   1.0800000e+00
   1.0200000e+00
   1.0200000e+00
   2.1200000e+00
   1.0400000e+00
   1.0400000e+00
   1.0800000e+00
   1.0800000e+00
   1.0600000e+00
   1.0200000e+00
   1.1200000e+00
   1.0600000e+00
   1.0600000e+00
   1.0800000e+00
   1.0200000e+00
   1.0200000e+00
   1.0800000e+00
   2.0800000e+00
   9.4000000e-01
   9.4000000e-01
   9.4000000e-01
   1.1200000e+00
   1.0600000e+00
   1.0800000e+00
   1.0200000e+00
   1.0600000e+00
   1.0400000e+00
   1.0200000e+00
   1.0600000e+00
   1.0400000e+00
   1.1000000e+00
   9.4000000e-01
   1.1000000e+00
   1.1000000e+00
   1.0200000e+00
   1.0800000e+00
   2.1200000e+00
   1.0400000e+00
   1.0400000e+00
   1.1000000e+00
   1.0200000e+00
   1.0600000e+00
   2.1200000e+00
   1.0600000e+00
   1.0200000e+00
   1.1400000e+00
   9.6000000e-01
   1.0800000e+00
   1.0800000e+00
   1.0600000e+00
   1.0400000e+00
   1.0800000e+00
   1.0000000e+00
   1.1200000e+00
   1.0600000e+00
   2.1200000e+00
   1.0600000e+00
   2.1400000e+00
   1.0800000e+00
   1.1000000e+00
   1.1000000e+00
   1.0800000e+00
   1.9600000e+00
   1.1600000e+00
   2.0600000e+00
   2.0600000e+00
   2.0600000e+00
   2.0600000e+00
   1.1400000e+00
   1.0200000e+00
   1.1200000e+00
   1.0800000e+00
   1.0400000e+00
   1.0800000e+00
   1.0400000e+00
   1.0800000e+00
   1.0200000e+00
   1.0200000e+00
   1.1000000e+00
   1.1000000e+00
   1.1000000e+00
   2.1200000e+00
   1.1000000e+00
   1.0800000e+00
   1.0800000e+00
   8.8000000e-01
   1.2600000e+00
   1.1000000e+00
   1.0000000e+00
   1.1200000e+00
   1.0800000e+00
   2.1800000e+00
   2.1800000e+00
   2.1800000e+00
   1.0400000e+00
   1.1000000e+00
   1.0400000e+00
   1.1200000e+00
   1.0400000e+00
   5.6000000e-01
   1.6000000e+00
   1.0400000e+00
   2.1600000e+00
   2.1600000e+00
   2.1600000e+00
   2.1600000e+00
   1.1000000e+00
   1.3800000e+00
   8.2000000e-01
   1.3600000e+00
   8.2000000e-01
   1.0000000e+00
   1.0600000e+00
   1.0800000e+00
   2.1800000e+00
   1.0600000e+00
   1.0200000e+00
   1.0200000e+00
   1.0200000e+00
   1.0200000e+00
   1.0200000e+00
   1.0600000e+00
   1.0600000e+00
   2.1600000e+00
   1.1000000e+00
   1.1000000e+00
   1.0600000e+00
   1.1000000e+00
   1.0800000e+00
   1.0600000e+00
   7.2000000e-01
   1.8400000e+00
   6.4000000e-01
   1.0800000e+00
   1.1000000e+00
   2.0400000e+00
   1.1000000e+00
   1.0800000e+00
   1.6400000e+00
   1.5600000e+00
   1.0600000e+00
   1.0600000e+00
   1.0600000e+00
   1.0200000e+00
   1.1000000e+00
   1.0800000e+00
   1.0600000e+00
   1.0400000e+00
   1.1200000e+00
   1.0600000e+00
   2.0600000e+00
   2.0600000e+00
   2.0600000e+00
   2.0600000e+00
   2.2600000e+00
   9.6000000e-01
   1.0800000e+00
   1.0200000e+00
   1.1400000e+00
   1.0400000e+00
   1.1000000e+00
   2.0600000e+00
   1.0600000e+00
   1.1000000e+00
   9.2000000e-01
   1.5200000e+00
   1.8000000e+00
   1.1000000e+00
   1.1000000e+00
   1.1000000e+00
   2.0800000e+00
   1.0600000e+00
   1.0800000e+00
   1.0600000e+00
   1.1000000e+00
   1.0600000e+00
   1.1000000e+00
   1.0600000e+00
   1.1200000e+00
   1.0200000e+00
   1.1000000e+00
   2.1000000e+00
   1.0800000e+00
   2.0400000e+00
   1.1200000e+00
   1.0800000e+00
   2.2000000e+00
   1.1200000e+00
   1.0600000e+00
   1.0600000e+00
   1.1400000e+00
   1.1400000e+00
   1.0800000e+00
   2.1600000e+00
   1.1000000e+00
   2.1400000e+00
   1.0600000e+00
   2.1000000e+00
   2.0400000e+00
   2.2000000e+00
   1.1600000e+00
   2.1000000e+00
   1.0200000e+00
   1.0600000e+00
   2.1600000e+00
   1.2200000e+00
   2.1200000e+00
   1.1000000e+00
   1.0600000e+00
   2.1200000e+00
   2.1200000e+00
   2.2000000e+00
   1.0200000e+00
   1.0200000e+00
   1.0800000e+00
   1.0800000e+00
   1.0800000e+00
   1.0600000e+00
   1.0800000e+00
