   2.2000000e+00
   3.3000000e+00
   1.0800000e+00
   1.0600000e+00
   2.0800000e+00
   2.0800000e+00
   2.1200000e+00
   3.1400000e+00
   2.2400000e+00
   1.0800000e+00
   2.1600000e+00
   1.1200000e+00
   1.1800000e+00
   2.9400000e+00
   1.1000000e+00
   1.1200000e+00
   2.2000000e+00
   2.2200000e+00
   1.1400000e+00
   2.2000000e+00
   1.1200000e+00
   1.1400000e+00
   1.1200000e+00
   1.1200000e+00
   1.0400000e+00
   1.1400000e+00
   1.1200000e+00
   1.0600000e+00
   1.2200000e+00
   3.0400000e+00
   2.1400000e+00
   1.1400000e+00
   1.0800000e+00
   2.4000000e+00
   2.0800000e+00
   3.3000000e+00
   1.1200000e+00
   1.1400000e+00
   1.9800000e+00
   1.1400000e+00
   1.1200000e+00
   1.0800000e+00
   2.1000000e+00
   1.1200000e+00
   1.1000000e+00
   2.3400000e+00
   3.2200000e+00
   2.2200000e+00
   2.2000000e+00
   1.1000000e+00
   2.2000000e+00
   2.2400000e+00
   1.1000000e+00
   2.1600000e+00
   2.2600000e+00
   3.0600000e+00
   2.4600000e+00
   2.1600000e+00
   3.2400000e+00
   2.0800000e+00
   1.1000000e+00
   1.0000000e+00
   3.1800000e+00
   1.1400000e+00
   1.0800000e+00
   2.0600000e+00
   2.4400000e+00
   2.1600000e+00
   2.0600000e+00
   3.2400000e+00
   3.2400000e+00
   2.2600000e+00
   2.0600000e+00
   2.3400000e+00
   1.1400000e+00
   1.7600000e+00
   1.5600000e+00
   1.1000000e+00
   2.3200000e+00
   2.3200000e+00
   1.1400000e+00
   1.0400000e+00
   3.0000000e+00
   2.2600000e+00
   1.9800000e+00
   2.3800000e+00
   2.6200000e+00
   1.7600000e+00
   1.0800000e+00
   2.3000000e+00
   1.8400000e+00
   1.0800000e+00
   2.0600000e+00
   1.2400000e+00
   1.1800000e+00
   3.2200000e+00
   1.1600000e+00
   1.0800000e+00
   2.0600000e+00
   2.2800000e+00
   2.2800000e+00
   1.9600000e+00
   1.1200000e+00
   1.7600000e+00
   1.7600000e+00
   2.0600000e+00
   3.2000000e+00
   2.2600000e+00
   1.0800000e+00
   2.0800000e+00
   2.3000000e+00
   2.5000000e+00
   2.5000000e+00
   2.5000000e+00
   2.3200000e+00
   1.0200000e+00
   1.7600000e+00
   2.2600000e+00
   2.9600000e+00
   2.3800000e+00
   2.1600000e+00
   2.2800000e+00
   1.0200000e+00
   1.5400000e+00
   1.9000000e+00
   1.1000000e+00
   2.0000000e+00
   2.0400000e+00
   1.0000000e+00
   2.0000000e+00
   2.1600000e+00
   1.0200000e+00
   1.7400000e+00
   2.2800000e+00
   3.5000000e+00
   2.3200000e+00
   2.2200000e+00
   2.2200000e+00
   1.0400000e+00
   1.9000000e+00
   1.9000000e+00
   1.9000000e+00
   1.2200000e+00
   1.2000000e+00
   2.2400000e+00
   2.4600000e+00
   1.9000000e+00
   1.4600000e+00
   1.1200000e+00
   2.2000000e+00
   2.2000000e+00
   2.2000000e+00
   2.2000000e+00
   1.1200000e+00
   1.1600000e+00
   1.0800000e+00
   2.2400000e+00
   2.3200000e+00
   2.2400000e+00
   2.2400000e+00
   2.0000000e+00
   3.2000000e+00
   2.4200000e+00
   2.0200000e+00
   2.4000000e+00
   2.1600000e+00
   3.3200000e+00
   1.9600000e+00
   2.0200000e+00
   1.1000000e+00
   1.9400000e+00
   1.1400000e+00
   1.0400000e+00
   2.6400000e+00
   1.5200000e+00
   1.1400000e+00
   1.9800000e+00
   1.2200000e+00
   1.1200000e+00
   2.1400000e+00
   1.2800000e+00
   1.1000000e+00
   2.1600000e+00
   2.1800000e+00
   1.0600000e+00
   2.1800000e+00
   1.1400000e+00
   1.0000000e+00
   1.0000000e+00
   9.6000000e-01
   1.2000000e+00
   1.0000000e+00
   1.1200000e+00
   1.0800000e+00
   2.1000000e+00
   1.1800000e+00
   1.2200000e+00
   1.1400000e+00
   1.1400000e+00
   3.0800000e+00
   2.2000000e+00
   2.2000000e+00
   2.2000000e+00
   2.2000000e+00
   2.3600000e+00
   2.1600000e+00
   2.1600000e+00
   2.1600000e+00
   3.5000000e+00
   2.2600000e+00
   1.0400000e+00
   1.9600000e+00
   1.8600000e+00
   2.2800000e+00
   2.5800000e+00
   3.1600000e+00
   2.1800000e+00
   1.1400000e+00
   1.0000000e+00
   2.7600000e+00
   1.7400000e+00
   1.1000000e+00
   2.8400000e+00
   1.5400000e+00
   9.8000000e-01
   1.1000000e+00
   1.7200000e+00
   1.5800000e+00
   1.1000000e+00
   1.9800000e+00
   2.5600000e+00
   2.8000000e+00
   2.6000000e+00
   2.4600000e+00
   1.8000000e+00
   1.1400000e+00
   2.0000000e+00
   2.3800000e+00
   1.0600000e+00
   2.1800000e+00
   1.3000000e+00
   3.0400000e+00
   2.2800000e+00
   1.1400000e+00
   2.0800000e+00
   2.2400000e+00
   1.0800000e+00
   1.8800000e+00
