   7.6000000e-01
   7.8000000e-01
   7.4000000e-01
   7.4000000e-01
   7.6000000e-01
   7.8000000e-01
   7.6000000e-01
   7.6000000e-01
   1.5000000e+00
   8.0000000e-01
   8.0000000e-01
   8.0000000e-01
   8.0000000e-01
   8.4000000e-01
   8.4000000e-01
   7.8000000e-01
   8.0000000e-01
   7.8000000e-01
   7.6000000e-01
   7.8000000e-01
   7.4000000e-01
   7.8000000e-01
   7.6000000e-01
   7.6000000e-01
   7.8000000e-01
   8.0000000e-01
   8.2000000e-01
   8.2000000e-01
   8.2000000e-01
   8.0000000e-01
   8.0000000e-01
   7.8000000e-01
   7.8000000e-01
   8.2000000e-01
   8.2000000e-01
   8.2000000e-01
   8.0000000e-01
   8.2000000e-01
   8.2000000e-01
   8.6000000e-01
   7.8000000e-01
   8.0000000e-01
   7.8000000e-01
   8.4000000e-01
   8.0000000e-01
   7.8000000e-01
   8.0000000e-01
   8.6000000e-01
   8.4000000e-01
   8.4000000e-01
   8.2000000e-01
   8.2000000e-01
   8.6000000e-01
   8.0000000e-01
   8.2000000e-01
   8.2000000e-01
   8.2000000e-01
   8.0000000e-01
   8.0000000e-01
   8.2000000e-01
   8.6000000e-01
   8.6000000e-01
   8.2000000e-01
   8.0000000e-01
   8.2000000e-01
   7.6000000e-01
   7.4000000e-01
   7.8000000e-01
   8.0000000e-01
   7.8000000e-01
   8.0000000e-01
   8.0000000e-01
   8.0000000e-01
   8.2000000e-01
   8.2000000e-01
   7.6000000e-01
   7.6000000e-01
   7.8000000e-01
   8.0000000e-01
   7.6000000e-01
   8.0000000e-01
   8.2000000e-01
   8.6000000e-01
   8.8000000e-01
   8.8000000e-01
   8.2000000e-01
   8.2000000e-01
   8.2000000e-01
   8.2000000e-01
   8.0000000e-01
   8.0000000e-01
   8.4000000e-01
   9.0000000e-01
   9.2000000e-01
   8.6000000e-01
   8.0000000e-01
   8.0000000e-01
   8.0000000e-01
   8.0000000e-01
   7.6000000e-01
   8.2000000e-01
   8.2000000e-01
   8.8000000e-01
   9.0000000e-01
   8.6000000e-01
   8.6000000e-01
   8.4000000e-01
   8.4000000e-01
   7.6000000e-01
   7.6000000e-01
   7.8000000e-01
   8.2000000e-01
   8.4000000e-01
   8.2000000e-01
   8.2000000e-01
   8.4000000e-01
   8.2000000e-01
   8.2000000e-01
   7.8000000e-01
   7.8000000e-01
   8.2000000e-01
   8.2000000e-01
   7.8000000e-01
   7.8000000e-01
   8.0000000e-01
   8.0000000e-01
   7.6000000e-01
   7.8000000e-01
   7.8000000e-01
   8.0000000e-01
   7.8000000e-01
   7.6000000e-01
   7.6000000e-01
   7.6000000e-01
   7.8000000e-01
   7.8000000e-01
   8.0000000e-01
   8.2000000e-01
   8.4000000e-01
   9.2000000e-01
   9.0000000e-01
   8.6000000e-01
   7.8000000e-01
   7.6000000e-01
   7.6000000e-01
   7.2000000e-01
   7.4000000e-01
   7.6000000e-01
   7.2000000e-01
   8.0000000e-01
   8.4000000e-01
   8.6000000e-01
   8.0000000e-01
   8.0000000e-01
   7.8000000e-01
   8.0000000e-01
   7.6000000e-01
   7.0000000e-01
   7.8000000e-01
   7.6000000e-01
   8.0000000e-01
   8.2000000e-01
   7.8000000e-01
   7.6000000e-01
   7.4000000e-01
   7.6000000e-01
   7.4000000e-01
   7.0000000e-01
   7.0000000e-01
   7.2000000e-01
   7.2000000e-01
   8.0000000e-01
   7.6000000e-01
   8.0000000e-01
   7.4000000e-01
   7.6000000e-01
   7.8000000e-01
   7.8000000e-01
   7.8000000e-01
   7.8000000e-01
   7.6000000e-01
   8.2000000e-01
   8.0000000e-01
   8.4000000e-01
   8.4000000e-01
   8.2000000e-01
   8.0000000e-01
   8.4000000e-01
   8.2000000e-01
   8.8000000e-01
   8.4000000e-01
   8.4000000e-01
   8.8000000e-01
   8.4000000e-01
   8.0000000e-01
   8.0000000e-01
   8.4000000e-01
   7.6000000e-01
   7.8000000e-01
   8.0000000e-01
   8.0000000e-01
   8.6000000e-01
   8.2000000e-01
   8.6000000e-01
   8.4000000e-01
   8.4000000e-01
   8.6000000e-01
   8.4000000e-01
   8.0000000e-01
   8.2000000e-01
   8.6000000e-01
   8.4000000e-01
   8.2000000e-01
   7.6000000e-01
   8.0000000e-01
   8.0000000e-01
   8.2000000e-01
   8.0000000e-01
   8.0000000e-01
   8.0000000e-01
   8.4000000e-01
   8.6000000e-01
   8.6000000e-01
   8.4000000e-01
   8.2000000e-01
   8.0000000e-01
   8.4000000e-01
   8.0000000e-01
   7.8000000e-01
   8.0000000e-01
   7.8000000e-01
   7.8000000e-01
   7.6000000e-01
   8.0000000e-01
   8.0000000e-01
   8.0000000e-01
   8.0000000e-01
   8.0000000e-01
   8.0000000e-01
   7.8000000e-01
   8.2000000e-01
   8.4000000e-01
   8.0000000e-01
   8.4000000e-01
   8.0000000e-01
   8.2000000e-01
   8.0000000e-01
   8.4000000e-01
   8.6000000e-01
   8.2000000e-01
   8.2000000e-01
   8.6000000e-01
   8.4000000e-01
   8.2000000e-01
   8.0000000e-01
   8.2000000e-01
   8.4000000e-01
   8.4000000e-01
   8.4000000e-01
   6.2000000e-01
   7.0000000e-01
   8.0000000e-01
   7.8000000e-01
   8.2000000e-01
   7.8000000e-01
   9.4000000e-01
   7.0000000e-01
   8.8000000e-01
   8.6000000e-01
   8.2000000e-01
   8.2000000e-01
   8.2000000e-01
   8.2000000e-01
   8.4000000e-01
   8.0000000e-01
   1.5400000e+00
   1.5400000e+00
   8.6000000e-01
   8.6000000e-01
   8.6000000e-01
   8.2000000e-01
   8.4000000e-01
   8.2000000e-01
   8.4000000e-01
   8.2000000e-01
   7.8000000e-01
   8.0000000e-01
   8.4000000e-01
   8.6000000e-01
   8.6000000e-01
   8.6000000e-01
   8.2000000e-01
   8.6000000e-01
   8.8000000e-01
   9.2000000e-01
   8.8000000e-01
   8.0000000e-01
   8.4000000e-01
   7.6000000e-01
   1.5200000e+00
   7.8000000e-01
   7.8000000e-01
   9.2000000e-01
   9.6000000e-01
   9.0000000e-01
   8.8000000e-01
   8.4000000e-01
   8.4000000e-01
   8.2000000e-01
   7.8000000e-01
   8.2000000e-01
   8.0000000e-01
   8.0000000e-01
   8.2000000e-01
   8.2000000e-01
   8.4000000e-01
   8.4000000e-01
   8.4000000e-01
   8.0000000e-01
   8.2000000e-01
   7.6000000e-01
   8.0000000e-01
   8.2000000e-01
   7.4000000e-01
   8.4000000e-01
   8.4000000e-01
   8.6000000e-01
   9.0000000e-01
   8.2000000e-01
   8.2000000e-01
   8.2000000e-01
   8.2000000e-01
   8.2000000e-01
   7.8000000e-01
   7.8000000e-01
   8.0000000e-01
   8.8000000e-01
   9.4000000e-01
   9.6000000e-01
   8.8000000e-01
   9.4000000e-01
   8.4000000e-01
   8.4000000e-01
   8.2000000e-01
   7.8000000e-01
   7.6000000e-01
   8.0000000e-01
   7.8000000e-01
   7.8000000e-01
   8.2000000e-01
   8.6000000e-01
   8.2000000e-01
   7.6000000e-01
   7.6000000e-01
   7.6000000e-01
   7.4000000e-01
   1.4800000e+00
   7.4000000e-01
   7.4000000e-01
   7.6000000e-01
   1.5400000e+00
   7.4000000e-01
   8.0000000e-01
   7.6000000e-01
   8.0000000e-01
   1.5400000e+00
   7.6000000e-01
   7.6000000e-01
   8.0000000e-01
   8.0000000e-01
   7.6000000e-01
   7.6000000e-01
   7.6000000e-01
   7.6000000e-01
   7.8000000e-01
   1.5400000e+00
   7.6000000e-01
   7.6000000e-01
   7.8000000e-01
   8.0000000e-01
   7.8000000e-01
   7.4000000e-01
   8.0000000e-01
   8.0000000e-01
   8.0000000e-01
   7.8000000e-01
   7.6000000e-01
   7.6000000e-01
   7.6000000e-01
   8.2000000e-01
   8.2000000e-01
   8.2000000e-01
   8.2000000e-01
   1.5600000e+00
   1.5600000e+00
   8.0000000e-01
   7.8000000e-01
   7.8000000e-01
   7.8000000e-01
   7.8000000e-01
   7.8000000e-01
   8.0000000e-01
   8.0000000e-01
   7.8000000e-01
   7.8000000e-01
   7.6000000e-01
   7.8000000e-01
   7.8000000e-01
   7.2000000e-01
   7.0000000e-01
   7.2000000e-01
   6.8000000e-01
   1.4200000e+00
   7.8000000e-01
   8.0000000e-01
   8.2000000e-01
   8.2000000e-01
   7.4000000e-01
   8.2000000e-01
   8.2000000e-01
   8.0000000e-01
   8.2000000e-01
   8.2000000e-01
   8.0000000e-01
   8.0000000e-01
   9.0000000e-01
   9.0000000e-01
   8.8000000e-01
   8.4000000e-01
   8.4000000e-01
   8.0000000e-01
   8.0000000e-01
   8.0000000e-01
   8.0000000e-01
   9.4000000e-01
   9.4000000e-01
   9.4000000e-01
   9.2000000e-01
   9.0000000e-01
   9.0000000e-01
   8.0000000e-01
   8.2000000e-01
   8.4000000e-01
   8.4000000e-01
   8.6000000e-01
   8.8000000e-01
   8.8000000e-01
   8.4000000e-01
   8.4000000e-01
   8.0000000e-01
   8.0000000e-01
   8.0000000e-01
   8.2000000e-01
   8.2000000e-01
   8.6000000e-01
   9.0000000e-01
   8.2000000e-01
   8.4000000e-01
   8.2000000e-01
   8.2000000e-01
   8.0000000e-01
   7.8000000e-01
   7.8000000e-01
   8.2000000e-01
   7.8000000e-01
   8.0000000e-01
   8.4000000e-01
   8.6000000e-01
   8.4000000e-01
   7.8000000e-01
   8.0000000e-01
   7.6000000e-01
   7.6000000e-01
   7.6000000e-01
   7.8000000e-01
   7.6000000e-01
   7.8000000e-01
   7.8000000e-01
   8.2000000e-01
   8.2000000e-01
   7.8000000e-01
   8.2000000e-01
   8.0000000e-01
   1.5600000e+00
   7.6000000e-01
   7.6000000e-01
   7.8000000e-01
   8.2000000e-01
   7.8000000e-01
   7.8000000e-01
   7.8000000e-01
   8.2000000e-01
   8.2000000e-01
   8.2000000e-01
   8.4000000e-01
   8.8000000e-01
   8.6000000e-01
   8.4000000e-01
   8.2000000e-01
   8.0000000e-01
   7.4000000e-01
   8.0000000e-01
   8.0000000e-01
   9.2000000e-01
   9.8000000e-01
   9.6000000e-01
   9.6000000e-01
   8.2000000e-01
   8.0000000e-01
   7.6000000e-01
   7.8000000e-01
   7.8000000e-01
   7.0000000e-01
   1.5000000e+00
   7.8000000e-01
   7.8000000e-01
   8.4000000e-01
   8.4000000e-01
   8.2000000e-01
   8.2000000e-01
   8.4000000e-01
   8.4000000e-01
   8.4000000e-01
   8.0000000e-01
   8.0000000e-01
   7.8000000e-01
   8.0000000e-01
   8.4000000e-01
   8.2000000e-01
   8.0000000e-01
   8.4000000e-01
   8.6000000e-01
   8.6000000e-01
   8.4000000e-01
   8.2000000e-01
   8.4000000e-01
   8.2000000e-01
   8.4000000e-01
   8.4000000e-01
   8.0000000e-01
   8.2000000e-01
   8.4000000e-01
   8.8000000e-01
   8.6000000e-01
   8.6000000e-01
   8.4000000e-01
   8.8000000e-01
   9.0000000e-01
   8.2000000e-01
   8.6000000e-01
   8.2000000e-01
   8.2000000e-01
   8.2000000e-01
   8.4000000e-01
   9.0000000e-01
   8.8000000e-01
   8.6000000e-01
   8.0000000e-01
   8.0000000e-01
