   1.0800000e+00
   1.0600000e+00
   1.1200000e+00
   1.0800000e+00
   1.0600000e+00
   1.0400000e+00
   1.1000000e+00
   1.0600000e+00
   1.0400000e+00
   9.8000000e-01
   9.6000000e-01
   1.0800000e+00
   1.0800000e+00
   1.1200000e+00
   1.0000000e+00
   1.0400000e+00
   1.0200000e+00
   1.1000000e+00
   1.0200000e+00
   9.2000000e-01
   1.0600000e+00
   1.0200000e+00
   1.0400000e+00
   1.0000000e+00
   1.0400000e+00
   9.6000000e-01
   1.0200000e+00
   1.0400000e+00
   9.4000000e-01
   9.6000000e-01
   1.0200000e+00
   9.8000000e-01
   9.4000000e-01
   9.8000000e-01
   9.6000000e-01
   9.8000000e-01
   9.0000000e-01
   1.0200000e+00
   9.4000000e-01
   1.0400000e+00
   9.2000000e-01
   1.0200000e+00
   9.4000000e-01
   1.0200000e+00
   9.2000000e-01
   9.6000000e-01
   9.8000000e-01
   9.6000000e-01
   9.6000000e-01
   9.6000000e-01
   9.0000000e-01
   1.0400000e+00
   9.8000000e-01
   1.0600000e+00
   1.0000000e+00
   1.1000000e+00
   9.8000000e-01
   9.8000000e-01
   9.2000000e-01
   1.0200000e+00
   9.6000000e-01
   9.8000000e-01
   9.2000000e-01
   1.0200000e+00
   1.0200000e+00
   1.0200000e+00
   9.6000000e-01
   9.6000000e-01
   9.6000000e-01
   1.0000000e+00
   9.4000000e-01
   9.8000000e-01
   9.6000000e-01
   9.8000000e-01
   1.0000000e+00
   9.4000000e-01
   1.0600000e+00
   9.8000000e-01
   1.0200000e+00
   9.8000000e-01
   1.0000000e+00
   1.0200000e+00
   1.0200000e+00
   9.8000000e-01
   1.0000000e+00
   1.0400000e+00
   1.0000000e+00
   9.6000000e-01
   9.8000000e-01
   1.0400000e+00
   1.0600000e+00
   9.4000000e-01
   9.8000000e-01
   9.6000000e-01
   9.0000000e-01
   9.6000000e-01
   9.4000000e-01
   9.8000000e-01
   1.0200000e+00
   1.0200000e+00
   9.8000000e-01
   1.0000000e+00
   1.0400000e+00
   9.8000000e-01
   1.0000000e+00
   9.8000000e-01
   1.0000000e+00
   1.1000000e+00
   9.6000000e-01
   9.8000000e-01
   1.0400000e+00
   1.0600000e+00
   1.0200000e+00
   1.0000000e+00
   1.0600000e+00
   1.0800000e+00
   1.0200000e+00
   1.0400000e+00
   1.0600000e+00
   1.1000000e+00
   9.8000000e-01
   1.0600000e+00
   1.0600000e+00
   1.0800000e+00
   1.0000000e+00
   1.0000000e+00
   1.0600000e+00
   1.0200000e+00
   1.0400000e+00
   1.0800000e+00
   1.1000000e+00
   1.0200000e+00
   9.8000000e-01
   1.0600000e+00
   1.0800000e+00
   9.8000000e-01
   1.0000000e+00
   1.0400000e+00
   1.0000000e+00
   9.6000000e-01
   9.6000000e-01
   9.0000000e-01
   9.4000000e-01
   9.4000000e-01
   1.0000000e+00
   1.0600000e+00
   1.0000000e+00
   1.0200000e+00
   1.0200000e+00
   1.0800000e+00
   9.8000000e-01
   9.6000000e-01
   9.8000000e-01
   1.0600000e+00
   9.4000000e-01
   9.8000000e-01
   1.0200000e+00
   1.0200000e+00
   1.0200000e+00
   1.0200000e+00
   1.0200000e+00
   1.0800000e+00
   1.0800000e+00
   1.0800000e+00
   1.0600000e+00
   1.0000000e+00
   1.1000000e+00
   1.1000000e+00
   1.0200000e+00
   1.0600000e+00
   1.0600000e+00
   1.0200000e+00
   9.6000000e-01
   1.0600000e+00
   1.0400000e+00
   1.0400000e+00
   1.0200000e+00
   1.1000000e+00
   1.0400000e+00
   1.0600000e+00
   9.8000000e-01
   1.0600000e+00
   9.6000000e-01
   1.0200000e+00
   9.8000000e-01
   1.0200000e+00
   1.0200000e+00
   9.8000000e-01
   9.6000000e-01
   9.6000000e-01
   9.6000000e-01
   1.0800000e+00
   1.1000000e+00
   1.0600000e+00
   1.0400000e+00
   1.0400000e+00
   1.0000000e+00
   1.0600000e+00
   1.0400000e+00
   1.0400000e+00
   1.0200000e+00
   1.0600000e+00
   9.8000000e-01
   1.0400000e+00
   1.0200000e+00
   1.0400000e+00
   1.0800000e+00
   1.0800000e+00
   1.0600000e+00
   1.0800000e+00
   1.0600000e+00
   1.0200000e+00
   1.0000000e+00
   1.0600000e+00
   9.8000000e-01
   1.0800000e+00
   1.0400000e+00
   1.0400000e+00
   9.8000000e-01
   1.0000000e+00
   9.6000000e-01
   9.6000000e-01
   9.2000000e-01
   9.4000000e-01
   9.8000000e-01
   9.8000000e-01
   9.8000000e-01
   1.0200000e+00
   9.2000000e-01
   9.4000000e-01
   9.8000000e-01
   1.0000000e+00
   9.6000000e-01
   9.4000000e-01
   9.2000000e-01
   9.4000000e-01
   9.4000000e-01
   9.2000000e-01
   9.6000000e-01
   9.0000000e-01
   9.2000000e-01
   1.0200000e+00
   1.0400000e+00
   1.0400000e+00
   1.0600000e+00
   1.0000000e+00
   1.0200000e+00
   1.0200000e+00
   9.8000000e-01
   1.0400000e+00
   9.8000000e-01
   1.0600000e+00
   1.0000000e+00
   1.0200000e+00
   1.0200000e+00
   1.0200000e+00
   1.0400000e+00
   1.0000000e+00
   1.0800000e+00
   9.6000000e-01
   1.0000000e+00
   9.4000000e-01
   9.8000000e-01
   9.4000000e-01
   1.0200000e+00
   1.0200000e+00
   1.0400000e+00
   1.0200000e+00
   9.6000000e-01
   9.6000000e-01
   1.0200000e+00
   1.0000000e+00
   1.0400000e+00
   1.0400000e+00
   1.0600000e+00
   1.0400000e+00
   1.0200000e+00
   1.0200000e+00
   1.0200000e+00
   1.0800000e+00
   1.0200000e+00
   1.0200000e+00
   1.0200000e+00
   1.0400000e+00
   9.6000000e-01
   9.6000000e-01
   9.8000000e-01
   9.8000000e-01
   9.8000000e-01
   1.0400000e+00
   1.0600000e+00
   9.8000000e-01
   9.8000000e-01
   9.0000000e-01
   9.0000000e-01
   1.0400000e+00
   1.0400000e+00
   9.2000000e-01
   9.4000000e-01
   9.2000000e-01
   9.8000000e-01
   9.8000000e-01
   1.0400000e+00
   1.0800000e+00
   1.0400000e+00
   1.0400000e+00
   1.0800000e+00
   1.0400000e+00
   1.0400000e+00
   1.0400000e+00
   1.1000000e+00
   1.0600000e+00
   1.0800000e+00
   1.0800000e+00
   1.0800000e+00
   1.0800000e+00
   1.0400000e+00
   1.0800000e+00
   1.1200000e+00
   1.1200000e+00
   1.0800000e+00
   1.0200000e+00
   1.1000000e+00
   1.0400000e+00
   1.0800000e+00
   1.0400000e+00
   1.0200000e+00
   1.0400000e+00
   1.0400000e+00
   1.0800000e+00
   9.4000000e-01
   1.0400000e+00
   9.6000000e-01
   1.0200000e+00
   9.8000000e-01
   1.0200000e+00
   9.6000000e-01
   1.0200000e+00
   1.0200000e+00
   9.4000000e-01
   9.6000000e-01
   9.6000000e-01
   1.0600000e+00
   1.0200000e+00
   1.0000000e+00
   1.0200000e+00
   1.0800000e+00
   1.0000000e+00
   1.0200000e+00
   9.6000000e-01
   9.6000000e-01
   9.2000000e-01
   1.0000000e+00
   1.1000000e+00
   1.0400000e+00
   1.0400000e+00
   1.0200000e+00
   1.0600000e+00
   1.0400000e+00
   1.0400000e+00
   1.0200000e+00
   1.0200000e+00
   9.8000000e-01
   1.0200000e+00
   1.0400000e+00
   1.0200000e+00
   9.2000000e-01
   1.0400000e+00
   1.0600000e+00
   9.8000000e-01
   1.0400000e+00
   1.0600000e+00
   1.0400000e+00
   9.4000000e-01
   1.0200000e+00
   1.0400000e+00
   9.8000000e-01
   9.8000000e-01
   1.0200000e+00
   1.1000000e+00
   9.6000000e-01
   1.0200000e+00
   1.0600000e+00
   1.0400000e+00
   1.0600000e+00
   1.1000000e+00
   1.0600000e+00
   1.0200000e+00
   1.0000000e+00
   9.8000000e-01
   1.0400000e+00
   1.0400000e+00
   1.1000000e+00
   1.0000000e+00
   1.0800000e+00
   1.0800000e+00
   1.0200000e+00
   1.0800000e+00
   1.0200000e+00
   1.0200000e+00
   1.0600000e+00
   1.0600000e+00
   1.0200000e+00
   9.6000000e-01
   1.0000000e+00
   1.0600000e+00
   1.0000000e+00
   1.0000000e+00
   1.0200000e+00
   1.0200000e+00
   1.0400000e+00
   1.0000000e+00
   1.0000000e+00
   9.4000000e-01
   9.2000000e-01
   9.8000000e-01
   1.0800000e+00
   1.0400000e+00
   1.0400000e+00
   1.0000000e+00
   1.0400000e+00
   1.0200000e+00
   9.6000000e-01
   1.0200000e+00
   1.0200000e+00
   1.0800000e+00
   1.1000000e+00
   1.1000000e+00
   1.1200000e+00
   1.0200000e+00
   1.1000000e+00
   1.0800000e+00
   1.0600000e+00
   1.0800000e+00
   1.1000000e+00
   1.0200000e+00
   1.0400000e+00
   1.0000000e+00
   9.8000000e-01
   9.6000000e-01
   1.0200000e+00
   1.0800000e+00
   1.1200000e+00
   1.0400000e+00
   1.0400000e+00
   1.0200000e+00
   1.0400000e+00
   1.0200000e+00
   1.0000000e+00
   1.0000000e+00
   1.0800000e+00
   1.1000000e+00
   1.0600000e+00
   1.1000000e+00
   1.0200000e+00
   1.0800000e+00
   9.8000000e-01
   1.0000000e+00
   1.0800000e+00
   1.0400000e+00
   1.0400000e+00
   1.0800000e+00
   1.0600000e+00
   1.0400000e+00
   1.0600000e+00
   1.0000000e+00
   1.0800000e+00
   1.0400000e+00
   1.0200000e+00
   1.0400000e+00
   1.0600000e+00
   1.0000000e+00
   1.0600000e+00
   1.0600000e+00
   1.0600000e+00
   1.0000000e+00
   1.0200000e+00
   9.8000000e-01
   9.8000000e-01
   9.8000000e-01
   1.0400000e+00
   1.0600000e+00
