   1.9600000e+00
   1.9600000e+00
   1.9600000e+00
   2.7400000e+00
   2.7400000e+00
   2.7400000e+00
   2.7400000e+00
   2.7400000e+00
   2.7400000e+00
   2.7400000e+00
   2.9400000e+00
   2.9400000e+00
   2.9400000e+00
   2.9400000e+00
   3.0200000e+00
   3.0200000e+00
   3.0200000e+00
   2.9000000e+00
   1.9000000e+00
   3.0000000e+00
   3.0400000e+00
   3.0400000e+00
   1.9200000e+00
   2.0800000e+00
   2.0800000e+00
   9.8000000e-01
   9.4000000e-01
   2.0400000e+00
   9.6000000e-01
   2.9400000e+00
   9.4000000e-01
   1.0600000e+00
   2.0800000e+00
   2.0800000e+00
   1.9000000e+00
   1.9400000e+00
   1.0000000e+00
   9.8000000e-01
   2.0400000e+00
   9.8000000e-01
   9.8000000e-01
   2.0200000e+00
   9.8000000e-01
   9.8000000e-01
   1.9600000e+00
   9.4000000e-01
   2.9000000e+00
   2.9000000e+00
   2.9000000e+00
   2.9000000e+00
   2.9000000e+00
   2.9000000e+00
   2.9000000e+00
   1.7000000e+00
   2.8600000e+00
   1.7800000e+00
   1.8200000e+00
   1.8200000e+00
   1.8200000e+00
   1.8800000e+00
   1.8800000e+00
   1.8800000e+00
   1.8800000e+00
   1.8800000e+00
   1.8800000e+00
   1.0600000e+00
   8.6000000e-01
   2.0200000e+00
   1.0000000e+00
   9.4000000e-01
   9.6000000e-01
   2.0000000e+00
   1.0000000e+00
   2.8800000e+00
   1.0200000e+00
   9.6000000e-01
   1.0200000e+00
   9.8000000e-01
   9.0000000e-01
   1.0000000e+00
   2.0000000e+00
   9.4000000e-01
   1.0200000e+00
   9.8000000e-01
   1.9400000e+00
   9.8000000e-01
   9.8000000e-01
   1.9400000e+00
   1.0200000e+00
   1.0200000e+00
   2.0400000e+00
   9.8000000e-01
   1.0200000e+00
   2.1000000e+00
   9.2000000e-01
   9.8000000e-01
   2.1400000e+00
   9.4000000e-01
   9.6000000e-01
   1.0600000e+00
   2.0200000e+00
   9.6000000e-01
   2.0400000e+00
   9.0000000e-01
   1.0200000e+00
   1.0000000e+00
   1.9600000e+00
   1.0000000e+00
   9.8000000e-01
   1.9600000e+00
   9.8000000e-01
   1.0400000e+00
   1.9600000e+00
   1.0000000e+00
   9.6000000e-01
   9.6000000e-01
   1.0200000e+00
   9.2000000e-01
   9.8000000e-01
   1.9400000e+00
   1.9400000e+00
   9.8000000e-01
   9.6000000e-01
   1.9400000e+00
   9.8000000e-01
   1.0000000e+00
   1.0000000e+00
   1.0200000e+00
   9.2000000e-01
   1.0000000e+00
   1.0000000e+00
   1.0000000e+00
   9.6000000e-01
   9.8000000e-01
   1.0000000e+00
   1.9200000e+00
   9.8000000e-01
   9.6000000e-01
   9.8000000e-01
   9.8000000e-01
   9.6000000e-01
   1.0000000e+00
   1.0200000e+00
   1.9600000e+00
   1.0000000e+00
   1.0000000e+00
   9.8000000e-01
   2.9600000e+00
   1.0200000e+00
   1.0000000e+00
   2.0000000e+00
   1.0000000e+00
   1.0400000e+00
   1.0000000e+00
   1.9800000e+00
   9.8000000e-01
   1.9800000e+00
   1.0000000e+00
   1.0400000e+00
   9.8000000e-01
   1.9400000e+00
   9.8000000e-01
   1.0000000e+00
   1.0200000e+00
   9.8000000e-01
   9.8000000e-01
   1.0200000e+00
   1.0000000e+00
   9.6000000e-01
   9.2000000e-01
   9.6000000e-01
   1.0000000e+00
   1.0000000e+00
   2.7000000e+00
   1.9200000e+00
   7.2000000e-01
   6.0000000e-01
   2.4000000e+00
   2.4000000e+00
   2.4000000e+00
   2.4000000e+00
   2.9000000e+00
   1.8000000e+00
   1.8000000e+00
   1.9600000e+00
   2.0800000e+00
   2.0800000e+00
   2.0800000e+00
   2.0800000e+00
   2.0800000e+00
   2.0800000e+00
   2.0800000e+00
   2.0800000e+00
   3.0400000e+00
   3.0400000e+00
   3.0400000e+00
   2.1200000e+00
   1.9200000e+00
   1.0000000e+00
   3.1000000e+00
   9.6000000e-01
   3.0400000e+00
   9.2000000e-01
   3.0200000e+00
   9.2000000e-01
   1.0200000e+00
   2.0000000e+00
   9.8000000e-01
   1.0200000e+00
   9.8000000e-01
   1.0000000e+00
   9.0000000e-01
   1.0000000e+00
   9.8000000e-01
   1.9600000e+00
   9.8000000e-01
   9.4000000e-01
   1.0600000e+00
   9.0000000e-01
   1.0200000e+00
   9.2000000e-01
   1.9200000e+00
   9.6000000e-01
   9.4000000e-01
   1.9000000e+00
   1.0400000e+00
   9.4000000e-01
   1.9400000e+00
   9.8000000e-01
   9.6000000e-01
   1.9800000e+00
   9.8000000e-01
   9.8000000e-01
   1.0000000e+00
   1.0800000e+00
   9.0000000e-01
   1.0200000e+00
   9.8000000e-01
   1.0000000e+00
   8.8000000e-01
   1.0000000e+00
   1.0600000e+00
   1.9600000e+00
   1.0000000e+00
   1.0600000e+00
   1.0400000e+00
   1.9800000e+00
   1.0000000e+00
   9.6000000e-01
   1.9000000e+00
   1.0200000e+00
   1.0200000e+00
   1.0200000e+00
   1.0000000e+00
   9.8000000e-01
   1.0000000e+00
   9.8000000e-01
   1.0000000e+00
   9.4000000e-01
   1.0400000e+00
   1.0000000e+00
   1.0400000e+00
   9.8000000e-01
   9.8000000e-01
