   1.2200000e+00
   1.2600000e+00
   1.3200000e+00
   1.3400000e+00
   1.3000000e+00
   1.2800000e+00
   1.2800000e+00
   1.3200000e+00
   1.3000000e+00
   1.2600000e+00
   1.3200000e+00
   1.3600000e+00
   1.3200000e+00
   1.2400000e+00
   1.3800000e+00
   1.3400000e+00
   1.3000000e+00
   1.2600000e+00
   1.3200000e+00
   1.3200000e+00
   1.2600000e+00
   1.2000000e+00
   1.3000000e+00
   1.3400000e+00
   1.3000000e+00
   1.3600000e+00
   1.3800000e+00
   1.3200000e+00
   1.2800000e+00
   1.3400000e+00
   1.3400000e+00
   1.3000000e+00
   1.2400000e+00
   1.2600000e+00
   1.3000000e+00
   1.3000000e+00
   1.2800000e+00
   1.2400000e+00
   1.2400000e+00
   1.2400000e+00
   1.2000000e+00
   1.2800000e+00
   1.3800000e+00
   1.3600000e+00
   1.3200000e+00
   1.2800000e+00
   1.3400000e+00
   1.3400000e+00
   1.3400000e+00
   1.2400000e+00
   1.2400000e+00
   1.3200000e+00
   1.3200000e+00
   1.3000000e+00
   1.2200000e+00
   1.2800000e+00
   1.3400000e+00
   1.3600000e+00
   1.3000000e+00
   1.3000000e+00
   1.3400000e+00
   1.3200000e+00
   1.2400000e+00
   1.2200000e+00
   1.3200000e+00
   1.3600000e+00
   1.2800000e+00
   1.1800000e+00
   1.3000000e+00
   1.3200000e+00
   1.2200000e+00
   1.2200000e+00
   1.3000000e+00
   1.2800000e+00
   1.2200000e+00
   1.3600000e+00
   1.3400000e+00
   1.3000000e+00
   1.2200000e+00
   1.2000000e+00
   1.2400000e+00
   1.3000000e+00
   1.2800000e+00
   1.2200000e+00
   1.3000000e+00
   1.3200000e+00
   1.3000000e+00
   1.2800000e+00
   1.2200000e+00
   1.2600000e+00
   1.3400000e+00
   1.3400000e+00
   1.2400000e+00
   1.3200000e+00
   1.3400000e+00
   1.3400000e+00
   1.3200000e+00
   1.2600000e+00
   1.3000000e+00
   1.3400000e+00
   1.3200000e+00
   1.2800000e+00
   1.3600000e+00
   1.3800000e+00
   1.3400000e+00
   1.2400000e+00
   1.2600000e+00
   1.4400000e+00
   1.4000000e+00
   1.3400000e+00
   1.3800000e+00
   1.3600000e+00
   1.2600000e+00
   1.3600000e+00
   1.4000000e+00
   1.3600000e+00
   1.2800000e+00
   1.3000000e+00
   1.3200000e+00
   1.3000000e+00
   1.2400000e+00
   1.2400000e+00
   1.3200000e+00
   1.2800000e+00
   1.2400000e+00
   1.3000000e+00
   1.3200000e+00
   1.2600000e+00
   1.2000000e+00
   1.3000000e+00
   1.3000000e+00
   1.2400000e+00
   1.2400000e+00
   1.3600000e+00
   1.3800000e+00
   1.3400000e+00
   1.3000000e+00
   1.2400000e+00
   1.3000000e+00
   1.3000000e+00
   1.2600000e+00
   1.1400000e+00
   1.1200000e+00
   1.2200000e+00
   1.1200000e+00
   1.2200000e+00
   1.1800000e+00
   1.1600000e+00
   1.2400000e+00
   1.2400000e+00
   1.2200000e+00
   1.1200000e+00
   1.1800000e+00
   1.2200000e+00
   1.1400000e+00
   1.2000000e+00
   1.2200000e+00
   1.1600000e+00
   1.1400000e+00
   1.2200000e+00
   1.2000000e+00
   1.1200000e+00
   1.2200000e+00
   1.2400000e+00
   1.1800000e+00
   1.1400000e+00
   1.2400000e+00
   1.3400000e+00
   1.3200000e+00
   1.2600000e+00
   1.3000000e+00
   1.3400000e+00
   1.2800000e+00
   1.2600000e+00
   1.3200000e+00
   1.3200000e+00
   1.2600000e+00
   1.1600000e+00
   1.1800000e+00
   1.2200000e+00
   1.1400000e+00
   1.2600000e+00
   1.3200000e+00
   1.2800000e+00
   1.2400000e+00
   1.3400000e+00
   1.3200000e+00
   1.2200000e+00
   1.3400000e+00
   1.2800000e+00
   1.2200000e+00
   1.2200000e+00
   1.2400000e+00
   1.2000000e+00
   1.1600000e+00
   1.2400000e+00
   1.2400000e+00
   1.1600000e+00
   1.2000000e+00
   1.2400000e+00
   1.2000000e+00
   1.1800000e+00
   1.2200000e+00
   1.2000000e+00
   1.1400000e+00
   1.2200000e+00
   1.2200000e+00
   1.1400000e+00
   1.1800000e+00
   1.2200000e+00
   1.1400000e+00
   1.1800000e+00
   1.1800000e+00
   1.1400000e+00
   1.2400000e+00
   1.2800000e+00
   1.2200000e+00
   1.2000000e+00
   1.2600000e+00
   1.2600000e+00
   1.2200000e+00
   1.1800000e+00
   1.2400000e+00
   1.2800000e+00
   1.2400000e+00
   1.1400000e+00
   1.2400000e+00
   1.2400000e+00
   1.2400000e+00
   1.1600000e+00
   1.2800000e+00
   1.3200000e+00
   1.3000000e+00
   1.2600000e+00
   1.3400000e+00
   1.2800000e+00
   1.2800000e+00
   1.2600000e+00
   1.4000000e+00
   1.3400000e+00
   1.3000000e+00
   1.2400000e+00
   1.2800000e+00
   1.3400000e+00
   1.3800000e+00
   1.3200000e+00
   1.3600000e+00
   1.4000000e+00
   1.3000000e+00
   1.3600000e+00
   1.4000000e+00
   1.3600000e+00
   1.3600000e+00
   1.3000000e+00
   1.3600000e+00
   1.3400000e+00
   1.2600000e+00
   1.3400000e+00
   1.3600000e+00
   1.2800000e+00
   1.3400000e+00
   1.3800000e+00
   1.3200000e+00
   1.2800000e+00
   1.3800000e+00
   1.3600000e+00
   1.3000000e+00
   1.3200000e+00
   1.3800000e+00
   1.3600000e+00
   1.3000000e+00
   1.3200000e+00
   1.3800000e+00
   1.3200000e+00
   1.3000000e+00
   1.2200000e+00
   1.3200000e+00
   1.4000000e+00
   1.4000000e+00
   1.3400000e+00
   1.3600000e+00
   1.4000000e+00
   1.3600000e+00
   1.3400000e+00
   1.3000000e+00
   1.3600000e+00
   1.3600000e+00
   1.3000000e+00
   1.3600000e+00
   1.4000000e+00
   1.3200000e+00
   1.2400000e+00
   1.3200000e+00
   1.3200000e+00
   1.2400000e+00
   1.3600000e+00
   1.4200000e+00
   1.3600000e+00
   1.3000000e+00
   1.3600000e+00
   1.3400000e+00
   1.3000000e+00
   1.2400000e+00
   1.2800000e+00
   1.3200000e+00
   1.3400000e+00
   1.2400000e+00
   1.3200000e+00
   1.2600000e+00
   1.3200000e+00
   1.2600000e+00
   1.2200000e+00
   1.2400000e+00
   1.2800000e+00
   1.2200000e+00
   1.1600000e+00
   1.1800000e+00
   1.2600000e+00
   1.2800000e+00
   1.2200000e+00
   1.2000000e+00
   1.2400000e+00
   1.3200000e+00
   1.4000000e+00
   1.3400000e+00
   1.2400000e+00
   1.2400000e+00
   1.2800000e+00
   1.2800000e+00
   1.2600000e+00
   1.2200000e+00
   1.2000000e+00
   1.3000000e+00
   1.2600000e+00
   1.2200000e+00
   1.1600000e+00
   1.2200000e+00
   1.3200000e+00
   1.2800000e+00
   1.2400000e+00
   1.2600000e+00
   1.3000000e+00
   1.3000000e+00
   1.2000000e+00
   1.2000000e+00
   1.3200000e+00
   1.3600000e+00
   1.3200000e+00
   1.2800000e+00
   1.3000000e+00
   1.2400000e+00
   1.1600000e+00
   1.2600000e+00
   1.4000000e+00
   1.2800000e+00
   1.1800000e+00
   1.3200000e+00
   1.3800000e+00
   1.2800000e+00
   1.2000000e+00
   1.2800000e+00
