   3.5600000e+00
   8.8000000e-01
   9.0000000e-01
   1.8000000e+00
   2.7000000e+00
   2.6600000e+00
   3.4800000e+00
   2.6200000e+00
   2.7000000e+00
   3.6400000e+00
   8.6000000e-01
   2.7200000e+00
   8.6000000e-01
   3.6400000e+00
   3.6000000e+00
   3.6200000e+00
   1.8200000e+00
   9.4000000e-01
   8.0000000e-01
   9.8000000e-01
   9.6000000e-01
   1.8600000e+00
   9.0000000e-01
   3.5000000e+00
   2.7000000e+00
   2.6600000e+00
   8.0000000e-01
   9.0000000e-01
   8.8000000e-01
   8.8000000e-01
   7.8000000e-01
   2.5800000e+00
   3.5800000e+00
   3.5400000e+00
   2.8000000e+00
   9.2000000e-01
   9.6000000e-01
   9.6000000e-01
   8.8000000e-01
   9.6000000e-01
   3.5600000e+00
   2.7800000e+00
   8.4000000e-01
   1.8200000e+00
   1.6800000e+00
   1.7600000e+00
   7.4000000e-01
   2.5000000e+00
   4.1200000e+00
   4.0600000e+00
   9.0000000e-01
   1.4000000e+00
   2.3200000e+00
   1.6800000e+00
   8.8000000e-01
   8.0000000e-01
   8.6000000e-01
   8.8000000e-01
   8.8000000e-01
   9.4000000e-01
   8.0000000e-01
   3.5400000e+00
   8.6000000e-01
   9.6000000e-01
   1.8600000e+00
   8.6000000e-01
   3.6600000e+00
   8.6000000e-01
   4.5600000e+00
   2.8000000e+00
   3.6600000e+00
   4.5200000e+00
   2.6600000e+00
   3.6200000e+00
   3.6200000e+00
   3.6200000e+00
   4.3600000e+00
   2.7000000e+00
   8.0000000e-01
   3.5200000e+00
   5.3600000e+00
   1.6400000e+00
   9.0000000e-01
   5.6400000e+00
   3.5600000e+00
   3.7200000e+00
   2.8200000e+00
   3.5200000e+00
   3.5200000e+00
   3.6400000e+00
   4.6200000e+00
   5.3600000e+00
   3.7200000e+00
   3.6800000e+00
   3.6600000e+00
   3.6400000e+00
   4.5200000e+00
   3.5800000e+00
   3.6000000e+00
   4.2800000e+00
   3.5000000e+00
   3.5800000e+00
   2.7000000e+00
   1.9200000e+00
   9.4000000e-01
   9.2000000e-01
   8.2000000e-01
   3.7200000e+00
   3.6000000e+00
   2.7600000e+00
   8.6000000e-01
   8.0000000e-01
   8.0000000e-01
   8.8000000e-01
   1.0600000e+00
   1.0200000e+00
   2.7000000e+00
   2.5000000e+00
   4.2400000e+00
   4.2800000e+00
   1.7400000e+00
   2.5400000e+00
   4.3200000e+00
   3.3400000e+00
   8.8000000e-01
   2.6400000e+00
   3.6200000e+00
   4.3400000e+00
   2.6800000e+00
   8.8000000e-01
   8.6000000e-01
   4.3000000e+00
   3.4800000e+00
   3.5200000e+00
   3.3600000e+00
   3.4200000e+00
   3.5600000e+00
   4.2000000e+00
   3.5000000e+00
   3.4800000e+00
   4.3000000e+00
   4.4000000e+00
   3.5400000e+00
   3.4600000e+00
   3.4600000e+00
   4.2600000e+00
   2.5600000e+00
   3.4200000e+00
   3.4200000e+00
   3.5200000e+00
   4.4000000e+00
   4.4200000e+00
   3.7800000e+00
   3.5200000e+00
   3.5400000e+00
   2.7200000e+00
   3.4600000e+00
   2.6800000e+00
   3.4400000e+00
   2.7600000e+00
   3.4600000e+00
   2.6200000e+00
   2.6600000e+00
   2.7000000e+00
