   7.4000000e-01
   8.6000000e-01
   7.8000000e-01
   6.6000000e-01
   9.6000000e-01
   8.8000000e-01
   6.8000000e-01
   9.2000000e-01
   9.6000000e-01
   8.4000000e-01
   8.0000000e-01
   8.4000000e-01
   8.8000000e-01
   8.4000000e-01
   6.0000000e-01
   8.6000000e-01
   6.0000000e-01
   8.8000000e-01
   9.8000000e-01
   7.6000000e-01
   8.2000000e-01
   8.0000000e-01
   6.4000000e-01
   7.4000000e-01
   7.4000000e-01
   7.4000000e-01
   8.0000000e-01
   1.0000000e+00
   8.6000000e-01
   8.6000000e-01
   7.6000000e-01
   8.6000000e-01
   9.8000000e-01
   7.0000000e-01
   7.6000000e-01
   6.8000000e-01
   8.8000000e-01
   6.6000000e-01
   8.2000000e-01
   9.2000000e-01
   1.0400000e+00
   8.2000000e-01
   6.6000000e-01
   7.0000000e-01
   8.0000000e-01
   8.0000000e-01
   7.2000000e-01
   7.4000000e-01
   7.0000000e-01
   7.2000000e-01
   7.6000000e-01
   6.6000000e-01
   7.6000000e-01
   8.0000000e-01
   8.0000000e-01
   1.0600000e+00
   9.0000000e-01
   6.4000000e-01
   8.0000000e-01
   6.2000000e-01
   8.4000000e-01
   8.6000000e-01
   7.4000000e-01
   7.4000000e-01
   7.6000000e-01
   6.4000000e-01
   6.2000000e-01
   6.4000000e-01
   7.6000000e-01
   7.6000000e-01
   8.0000000e-01
   7.2000000e-01
   9.2000000e-01
   6.2000000e-01
   9.8000000e-01
   7.8000000e-01
   8.8000000e-01
   7.4000000e-01
   9.0000000e-01
   7.2000000e-01
   8.4000000e-01
   7.4000000e-01
   8.0000000e-01
   9.6000000e-01
   7.8000000e-01
   9.2000000e-01
   7.2000000e-01
   7.4000000e-01
   7.0000000e-01
   7.2000000e-01
   7.0000000e-01
   6.8000000e-01
   7.6000000e-01
   8.8000000e-01
   7.2000000e-01
   7.8000000e-01
   9.2000000e-01
   8.2000000e-01
   7.6000000e-01
   9.4000000e-01
   6.4000000e-01
   6.8000000e-01
   8.2000000e-01
   5.8000000e-01
   7.4000000e-01
   9.0000000e-01
   7.4000000e-01
   1.0200000e+00
   7.2000000e-01
   7.8000000e-01
   7.2000000e-01
   7.6000000e-01
   1.0600000e+00
   9.4000000e-01
   7.4000000e-01
   9.6000000e-01
   6.2000000e-01
   7.2000000e-01
   9.0000000e-01
   7.6000000e-01
   7.4000000e-01
   6.4000000e-01
   7.4000000e-01
   8.4000000e-01
   1.1000000e+00
   6.8000000e-01
   1.0000000e+00
   6.8000000e-01
   6.4000000e-01
   8.6000000e-01
   9.2000000e-01
   6.8000000e-01
   9.6000000e-01
   9.2000000e-01
   6.2000000e-01
   9.8000000e-01
   7.6000000e-01
   7.2000000e-01
   6.2000000e-01
   7.6000000e-01
   8.2000000e-01
   7.2000000e-01
   7.6000000e-01
   7.4000000e-01
   7.2000000e-01
   6.4000000e-01
   7.6000000e-01
   7.2000000e-01
   8.0000000e-01
   7.8000000e-01
   7.8000000e-01
   9.4000000e-01
   6.8000000e-01
   7.2000000e-01
   6.4000000e-01
   7.2000000e-01
   6.2000000e-01
   6.8000000e-01
   6.6000000e-01
   7.8000000e-01
   6.8000000e-01
   1.0000000e+00
   9.4000000e-01
   6.8000000e-01
   6.4000000e-01
   1.1000000e+00
   8.6000000e-01
   9.0000000e-01
   7.8000000e-01
   9.2000000e-01
   7.4000000e-01
   1.0800000e+00
   9.6000000e-01
   7.8000000e-01
   1.0000000e+00
   7.6000000e-01
   8.0000000e-01
   7.6000000e-01
   6.8000000e-01
   7.0000000e-01
   6.8000000e-01
   7.2000000e-01
   8.2000000e-01
   9.8000000e-01
   6.8000000e-01
   7.2000000e-01
   9.6000000e-01
   8.0000000e-01
   7.2000000e-01
   7.8000000e-01
   6.8000000e-01
   9.8000000e-01
   1.0200000e+00
   8.0000000e-01
   7.4000000e-01
   9.8000000e-01
   6.8000000e-01
   6.8000000e-01
   7.4000000e-01
   8.6000000e-01
   6.8000000e-01
   8.8000000e-01
   8.8000000e-01
   6.8000000e-01
   6.8000000e-01
   1.0400000e+00
   6.6000000e-01
   6.8000000e-01
   7.6000000e-01
   7.8000000e-01
   9.0000000e-01
   8.2000000e-01
   7.0000000e-01
   8.8000000e-01
   7.4000000e-01
   6.4000000e-01
   7.2000000e-01
   8.2000000e-01
   7.4000000e-01
   7.8000000e-01
   9.8000000e-01
   7.8000000e-01
   6.6000000e-01
   7.8000000e-01
   7.8000000e-01
   6.6000000e-01
   6.8000000e-01
   7.8000000e-01
   9.4000000e-01
   8.2000000e-01
   9.0000000e-01
   7.2000000e-01
   8.4000000e-01
   5.4000000e-01
   8.2000000e-01
   7.6000000e-01
   5.6000000e-01
   6.4000000e-01
   1.0600000e+00
   8.6000000e-01
   8.0000000e-01
   1.0400000e+00
   8.4000000e-01
   7.2000000e-01
   8.0000000e-01
   8.4000000e-01
   7.4000000e-01
   7.8000000e-01
   8.8000000e-01
   7.8000000e-01
   8.6000000e-01
   7.2000000e-01
   7.6000000e-01
   8.6000000e-01
   9.6000000e-01
   8.4000000e-01
   8.6000000e-01
   9.2000000e-01
   8.0000000e-01
   1.0800000e+00
   7.4000000e-01
   8.2000000e-01
   7.8000000e-01
   8.0000000e-01
   7.8000000e-01
   7.8000000e-01
   7.8000000e-01
   7.2000000e-01
   8.2000000e-01
   8.2000000e-01
   9.0000000e-01
   1.0000000e+00
   7.2000000e-01
   7.6000000e-01
   6.8000000e-01
   9.6000000e-01
   8.0000000e-01
   8.4000000e-01
   7.0000000e-01
   7.0000000e-01
   6.4000000e-01
   7.0000000e-01
   8.2000000e-01
   9.8000000e-01
   7.4000000e-01
   9.0000000e-01
   7.0000000e-01
   6.8000000e-01
   9.0000000e-01
   7.0000000e-01
   7.8000000e-01
   8.2000000e-01
   6.6000000e-01
   7.6000000e-01
   8.6000000e-01
   8.8000000e-01
   8.4000000e-01
   1.0200000e+00
   8.0000000e-01
   6.8000000e-01
   9.8000000e-01
   6.6000000e-01
   5.6000000e-01
   9.2000000e-01
   6.8000000e-01
   7.2000000e-01
   8.2000000e-01
   1.1000000e+00
   1.0200000e+00
   9.4000000e-01
   8.0000000e-01
   6.4000000e-01
   1.0000000e+00
   6.0000000e-01
   8.8000000e-01
   7.6000000e-01
   5.2000000e-01
   6.8000000e-01
   6.8000000e-01
   7.6000000e-01
   7.2000000e-01
   7.4000000e-01
   8.2000000e-01
   7.6000000e-01
   9.8000000e-01
   6.2000000e-01
   6.4000000e-01
   8.0000000e-01
   8.0000000e-01
   1.0400000e+00
   6.8000000e-01
   1.1000000e+00
   1.0200000e+00
   8.4000000e-01
   8.0000000e-01
   6.4000000e-01
   7.2000000e-01
   9.8000000e-01
   8.4000000e-01
   7.0000000e-01
   7.0000000e-01
   1.0200000e+00
   7.2000000e-01
   7.6000000e-01
   1.0000000e+00
   7.8000000e-01
   6.4000000e-01
   7.0000000e-01
   6.4000000e-01
   8.0000000e-01
   7.4000000e-01
   6.8000000e-01
   7.8000000e-01
   8.4000000e-01
   7.8000000e-01
   6.6000000e-01
   7.6000000e-01
   7.4000000e-01
   7.4000000e-01
   6.6000000e-01
   7.0000000e-01
   6.6000000e-01
   7.4000000e-01
   1.1000000e+00
   7.0000000e-01
   8.0000000e-01
   6.2000000e-01
   8.0000000e-01
   7.0000000e-01
   1.0600000e+00
   8.0000000e-01
   7.0000000e-01
   7.0000000e-01
   7.8000000e-01
   9.0000000e-01
   8.8000000e-01
   8.6000000e-01
   9.0000000e-01
   1.0000000e+00
   1.0000000e+00
   6.4000000e-01
   7.0000000e-01
   6.4000000e-01
   9.2000000e-01
   8.0000000e-01
   1.0000000e+00
   8.6000000e-01
   1.0400000e+00
   6.4000000e-01
   7.2000000e-01
   9.0000000e-01
   6.0000000e-01
   7.6000000e-01
   6.2000000e-01
   9.4000000e-01
   7.0000000e-01
   8.2000000e-01
   8.0000000e-01
   7.8000000e-01
   7.0000000e-01
   6.6000000e-01
   8.6000000e-01
   8.4000000e-01
   6.0000000e-01
   8.6000000e-01
   7.2000000e-01
   8.8000000e-01
   6.2000000e-01
   9.0000000e-01
   6.2000000e-01
   1.1000000e+00
   8.8000000e-01
   7.4000000e-01
   9.4000000e-01
   8.0000000e-01
   8.2000000e-01
   6.8000000e-01
   7.8000000e-01
   6.6000000e-01
   7.0000000e-01
   6.8000000e-01
   9.8000000e-01
   8.8000000e-01
   6.2000000e-01
   1.0600000e+00
   7.4000000e-01
   7.8000000e-01
   9.0000000e-01
   7.6000000e-01
   6.4000000e-01
   9.8000000e-01
   8.8000000e-01
   7.4000000e-01
   8.2000000e-01
   9.0000000e-01
   1.0000000e+00
   8.6000000e-01
   7.2000000e-01
   8.4000000e-01
   9.6000000e-01
   8.6000000e-01
   6.4000000e-01
   7.2000000e-01
   6.2000000e-01
   7.2000000e-01
   9.4000000e-01
   1.0000000e+00
   8.6000000e-01
   7.2000000e-01
   9.8000000e-01
   7.8000000e-01
   8.4000000e-01
   1.0800000e+00
   7.4000000e-01
   7.2000000e-01
   5.6000000e-01
   6.6000000e-01
   7.2000000e-01
   6.8000000e-01
   7.4000000e-01
   8.6000000e-01
   1.0200000e+00
   8.6000000e-01
   7.0000000e-01
   6.2000000e-01
   7.8000000e-01
   7.2000000e-01
   7.8000000e-01
   8.2000000e-01
   7.2000000e-01
   8.2000000e-01
   9.2000000e-01
   7.0000000e-01
   8.8000000e-01
   6.6000000e-01
   6.2000000e-01
   1.0200000e+00
   8.2000000e-01
   8.8000000e-01
   9.4000000e-01
   8.0000000e-01
   7.8000000e-01
   8.2000000e-01
   8.2000000e-01
   1.0600000e+00
   7.0000000e-01
   7.4000000e-01
   8.2000000e-01
   7.2000000e-01
   7.4000000e-01
   8.0000000e-01
   7.6000000e-01
   1.0200000e+00
   1.0800000e+00
   7.4000000e-01
   7.8000000e-01
   8.8000000e-01
   6.4000000e-01
   8.6000000e-01
   6.2000000e-01
   9.6000000e-01
   7.4000000e-01
   9.8000000e-01
   7.4000000e-01
   8.8000000e-01
   7.6000000e-01
   8.6000000e-01
   7.0000000e-01
   8.2000000e-01
   9.0000000e-01
   1.0000000e+00
   9.4000000e-01
   9.4000000e-01
   6.8000000e-01
   9.4000000e-01
   7.2000000e-01
   5.6000000e-01
   6.4000000e-01
   7.0000000e-01
   6.0000000e-01
   9.6000000e-01
   8.4000000e-01
   7.2000000e-01
   8.2000000e-01
   9.0000000e-01
   9.6000000e-01
   5.8000000e-01
   5.6000000e-01
   8.8000000e-01
   7.2000000e-01
   8.0000000e-01
   7.0000000e-01
   7.8000000e-01
   5.2000000e-01
   7.4000000e-01
   1.0800000e+00
   1.0600000e+00
   6.4000000e-01
   7.4000000e-01
   6.2000000e-01
   6.0000000e-01
   7.0000000e-01
   8.2000000e-01
   7.4000000e-01
   8.0000000e-01
   7.4000000e-01
   7.6000000e-01
   7.6000000e-01
   7.6000000e-01
   7.0000000e-01
   8.0000000e-01
   6.4000000e-01
   6.0000000e-01
   7.2000000e-01
   9.0000000e-01
