   9.2000000e-01
   9.2000000e-01
   1.9000000e+00
   1.8800000e+00
   1.9400000e+00
   1.9400000e+00
   9.6000000e-01
   9.4000000e-01
   1.9400000e+00
   9.8000000e-01
   9.6000000e-01
   9.4000000e-01
   9.8000000e-01
   9.2000000e-01
   9.6000000e-01
   9.8000000e-01
   1.8800000e+00
   9.6000000e-01
   9.2000000e-01
   9.8000000e-01
   9.2000000e-01
   9.2000000e-01
   9.2000000e-01
   1.8600000e+00
   1.9200000e+00
   9.0000000e-01
   9.6000000e-01
   9.0000000e-01
   1.8800000e+00
   9.2000000e-01
   9.2000000e-01
   9.4000000e-01
   9.2000000e-01
   9.2000000e-01
   9.6000000e-01
   9.2000000e-01
   1.9000000e+00
   1.0000000e+00
   9.2000000e-01
   1.9200000e+00
   9.2000000e-01
   9.6000000e-01
   9.0000000e-01
   1.0200000e+00
   9.2000000e-01
   9.4000000e-01
   9.6000000e-01
   1.0000000e+00
   9.0000000e-01
   9.8000000e-01
   9.4000000e-01
   1.9000000e+00
   9.4000000e-01
   1.0400000e+00
   9.0000000e-01
   1.9400000e+00
   9.8000000e-01
   9.6000000e-01
   1.9000000e+00
   9.6000000e-01
   9.6000000e-01
   9.6000000e-01
   9.6000000e-01
   9.8000000e-01
   1.9200000e+00
   9.8000000e-01
   9.6000000e-01
   1.9800000e+00
   9.4000000e-01
   9.4000000e-01
   1.9400000e+00
   9.2000000e-01
   1.0000000e+00
   9.4000000e-01
   1.0000000e+00
   9.2000000e-01
   9.8000000e-01
   9.4000000e-01
   1.9600000e+00
   1.9600000e+00
   1.9800000e+00
   1.9800000e+00
   9.2000000e-01
   9.8000000e-01
   9.8000000e-01
   1.9800000e+00
   9.8000000e-01
   9.6000000e-01
   1.9400000e+00
   1.0000000e+00
   9.8000000e-01
   1.0000000e+00
   1.9400000e+00
   1.0200000e+00
   9.8000000e-01
   1.9400000e+00
   1.0000000e+00
   1.0000000e+00
   9.6000000e-01
   1.0600000e+00
   9.0000000e-01
   1.0000000e+00
   1.0600000e+00
   9.0000000e-01
   9.8000000e-01
   1.3200000e+00
   1.5800000e+00
   1.6800000e+00
   9.4000000e-01
   1.0000000e+00
   9.2000000e-01
   1.9000000e+00
   1.4400000e+00
   8.4000000e-01
   1.7400000e+00
   1.3000000e+00
   6.8000000e-01
   9.8000000e-01
   9.8000000e-01
   8.6000000e-01
   8.0000000e-01
   6.8000000e-01
   9.8000000e-01
   9.8000000e-01
   7.8000000e-01
   8.6000000e-01
   9.0000000e-01
   1.6400000e+00
   1.6400000e+00
   1.8400000e+00
   1.8000000e+00
   1.8000000e+00
   1.9200000e+00
   9.2000000e-01
   9.8000000e-01
   9.0000000e-01
   1.4600000e+00
   1.2800000e+00
   9.6000000e-01
   1.8400000e+00
   1.9000000e+00
   1.8600000e+00
   1.8600000e+00
   1.8600000e+00
   1.0000000e+00
   9.0000000e-01
   2.0200000e+00
   1.0200000e+00
   9.6000000e-01
   1.0200000e+00
   1.0000000e+00
   9.4000000e-01
   9.6000000e-01
   9.8000000e-01
   1.0000000e+00
   9.6000000e-01
   9.8000000e-01
   1.0200000e+00
   9.6000000e-01
   9.6000000e-01
   9.6000000e-01
   1.0400000e+00
   9.4000000e-01
   9.0000000e-01
   7.8000000e-01
   1.0200000e+00
   9.6000000e-01
   9.0000000e-01
   1.9200000e+00
   9.4000000e-01
   9.8000000e-01
   9.8000000e-01
   9.8000000e-01
   9.8000000e-01
   1.0000000e+00
   9.6000000e-01
   9.8000000e-01
   9.6000000e-01
   2.0000000e+00
   9.6000000e-01
   1.0000000e+00
   1.0000000e+00
   9.6000000e-01
   1.9400000e+00
   9.4000000e-01
   9.6000000e-01
   1.8800000e+00
   9.8000000e-01
   9.8000000e-01
   9.4000000e-01
   1.0200000e+00
   9.4000000e-01
   9.4000000e-01
   9.8000000e-01
   1.9000000e+00
   9.8000000e-01
   9.2000000e-01
   1.9200000e+00
   9.6000000e-01
   9.6000000e-01
   9.6000000e-01
   9.8000000e-01
   1.9600000e+00
   9.0000000e-01
   9.8000000e-01
   1.0000000e+00
   1.8800000e+00
   1.0000000e+00
   9.2000000e-01
   1.9200000e+00
   9.6000000e-01
   9.8000000e-01
   9.2000000e-01
   1.0000000e+00
   9.2000000e-01
   9.6000000e-01
   1.9000000e+00
   1.9000000e+00
   1.9000000e+00
   9.8000000e-01
   9.4000000e-01
   1.9800000e+00
   9.2000000e-01
   1.0200000e+00
   9.2000000e-01
   1.9600000e+00
   9.6000000e-01
   9.4000000e-01
   1.0000000e+00
   1.9000000e+00
   1.9200000e+00
   1.9000000e+00
   1.9200000e+00
   1.9200000e+00
   1.9200000e+00
   9.2000000e-01
   9.6000000e-01
   1.8400000e+00
   9.0000000e-01
   1.9200000e+00
   1.8400000e+00
   1.9000000e+00
   1.9000000e+00
   1.8400000e+00
   9.4000000e-01
   9.2000000e-01
   9.2000000e-01
   1.9000000e+00
   9.2000000e-01
   9.6000000e-01
   1.8600000e+00
   9.6000000e-01
   9.6000000e-01
   9.4000000e-01
   1.9200000e+00
   9.0000000e-01
   9.8000000e-01
   1.8600000e+00
   9.8000000e-01
   9.8000000e-01
   9.6000000e-01
   9.6000000e-01
   9.6000000e-01
   9.6000000e-01
   1.8800000e+00
   9.0000000e-01
   9.0000000e-01
   1.0200000e+00
   9.0000000e-01
   9.6000000e-01
   9.6000000e-01
   9.6000000e-01
   1.9400000e+00
   1.0200000e+00
   9.0000000e-01
   9.6000000e-01
   1.9800000e+00
   1.9000000e+00
   9.0000000e-01
   1.9000000e+00
   9.2000000e-01
   9.6000000e-01
   1.0200000e+00
   9.0000000e-01
   9.6000000e-01
   9.0000000e-01
   1.9000000e+00
   9.4000000e-01
   1.0400000e+00
   9.0000000e-01
   9.6000000e-01
   1.9000000e+00
   9.4000000e-01
   1.0000000e+00
   9.4000000e-01
   1.0400000e+00
   9.2000000e-01
   9.4000000e-01
   9.8000000e-01
   9.6000000e-01
   9.0000000e-01
   9.6000000e-01
   9.8000000e-01
   1.0000000e+00
   9.8000000e-01
   8.6000000e-01
   9.4000000e-01
   1.0400000e+00
   9.2000000e-01
   1.0000000e+00
   8.8000000e-01
   1.0000000e+00
   9.4000000e-01
   1.8800000e+00
   1.0400000e+00
   8.8000000e-01
   1.0200000e+00
   1.0200000e+00
   9.8000000e-01
   9.8000000e-01
   1.9800000e+00
   9.6000000e-01
   9.8000000e-01
   9.8000000e-01
   1.9800000e+00
   9.8000000e-01
   9.8000000e-01
   9.6000000e-01
   9.4000000e-01
   9.4000000e-01
   1.0000000e+00
   9.4000000e-01
   9.4000000e-01
   1.0400000e+00
   8.8000000e-01
   1.9200000e+00
   1.0200000e+00
   1.8800000e+00
   9.6000000e-01
   9.8000000e-01
   1.9200000e+00
   9.4000000e-01
   9.6000000e-01
   9.8000000e-01
   9.8000000e-01
   9.4000000e-01
   9.8000000e-01
   1.9200000e+00
   1.9000000e+00
   9.4000000e-01
   1.8600000e+00
   1.8600000e+00
   1.8600000e+00
   9.8000000e-01
   9.2000000e-01
   9.0000000e-01
