   1.6200000e+00
   1.6000000e+00
   1.6200000e+00
   1.6200000e+00
   1.6000000e+00
   1.6200000e+00
   1.6000000e+00
   1.6200000e+00
   1.6200000e+00
   1.6000000e+00
   1.6200000e+00
   1.6200000e+00
   1.6000000e+00
   1.6400000e+00
   1.6200000e+00
   1.6000000e+00
   1.6200000e+00
   1.6200000e+00
   1.6000000e+00
   1.6000000e+00
   1.6400000e+00
   1.6200000e+00
   1.6400000e+00
   1.5800000e+00
   1.6200000e+00
   1.6400000e+00
   1.6000000e+00
   1.6200000e+00
   1.6000000e+00
   1.6000000e+00
   1.6000000e+00
   1.6200000e+00
   1.6200000e+00
   1.6000000e+00
   1.6200000e+00
   1.6200000e+00
   1.6000000e+00
   1.6200000e+00
   1.6200000e+00
   1.6400000e+00
   1.6000000e+00
   1.6200000e+00
   1.6400000e+00
   1.6200000e+00
   1.5800000e+00
   1.6400000e+00
   1.6000000e+00
   1.6200000e+00
   1.6200000e+00
   1.6200000e+00
   1.6000000e+00
   1.6200000e+00
   1.6000000e+00
   1.6200000e+00
   1.6200000e+00
   1.6000000e+00
   1.6200000e+00
   1.6200000e+00
   1.6200000e+00
   1.6000000e+00
   1.6200000e+00
   1.6000000e+00
   1.6200000e+00
   1.6200000e+00
   1.6000000e+00
   1.6400000e+00
   1.6000000e+00
   1.6200000e+00
   1.5800000e+00
   1.6200000e+00
   1.6400000e+00
   1.6000000e+00
   1.5800000e+00
   1.6200000e+00
   1.6200000e+00
   1.6400000e+00
   1.6000000e+00
   1.6200000e+00
   1.6000000e+00
   1.6200000e+00
   1.6000000e+00
   1.6400000e+00
   1.6200000e+00
   1.6000000e+00
   1.6400000e+00
   1.6200000e+00
   1.6000000e+00
   1.6200000e+00
   1.6200000e+00
   1.6200000e+00
   1.6200000e+00
   1.6200000e+00
   1.6000000e+00
   1.6200000e+00
   1.6200000e+00
   1.6400000e+00
   1.6000000e+00
   1.6400000e+00
   1.5800000e+00
   1.6000000e+00
   1.6200000e+00
   1.6200000e+00
   1.6400000e+00
   1.6400000e+00
   1.6200000e+00
   1.6200000e+00
   1.6000000e+00
   1.5800000e+00
   1.6400000e+00
   1.6200000e+00
   1.6200000e+00
   1.5800000e+00
   1.6400000e+00
   1.6000000e+00
   1.6000000e+00
   1.6000000e+00
   1.6000000e+00
   1.5800000e+00
   1.6400000e+00
   1.6200000e+00
   1.5800000e+00
   1.6400000e+00
   1.6200000e+00
   1.6000000e+00
   1.6200000e+00
   1.6000000e+00
   1.6400000e+00
   1.6200000e+00
   1.6000000e+00
   1.6400000e+00
   1.6200000e+00
   1.6000000e+00
   1.6200000e+00
   1.6000000e+00
   1.6200000e+00
   1.6000000e+00
   1.6200000e+00
   1.6400000e+00
   1.6000000e+00
   1.6200000e+00
   1.6200000e+00
   1.6200000e+00
   1.6000000e+00
   1.6200000e+00
   1.6200000e+00
   1.6200000e+00
   1.6200000e+00
   1.6000000e+00
   1.6000000e+00
   1.6400000e+00
   1.6000000e+00
   1.6000000e+00
   1.6400000e+00
   1.6000000e+00
   1.6200000e+00
   1.6000000e+00
   1.6200000e+00
   1.6200000e+00
   1.6200000e+00
   1.6000000e+00
   1.6000000e+00
   1.6400000e+00
   1.6000000e+00
   1.6200000e+00
   1.6200000e+00
   1.6200000e+00
   1.6000000e+00
   1.6000000e+00
   1.5800000e+00
   1.6200000e+00
   1.5800000e+00
   1.6200000e+00
   1.6400000e+00
   1.6200000e+00
   1.6200000e+00
   1.6400000e+00
   1.6200000e+00
   1.6000000e+00
   1.6200000e+00
   1.6200000e+00
   1.6200000e+00
   1.6000000e+00
   1.6000000e+00
   1.6200000e+00
   1.6200000e+00
   1.6200000e+00
   1.6200000e+00
   1.6000000e+00
   1.6200000e+00
   1.6000000e+00
   1.6200000e+00
   1.6200000e+00
   1.6200000e+00
   1.6000000e+00
   1.6200000e+00
   1.6200000e+00
   1.6000000e+00
   1.6000000e+00
   1.6000000e+00
   1.6200000e+00
   1.6400000e+00
   1.6000000e+00
   1.6200000e+00
   1.6000000e+00
   1.6000000e+00
   1.6200000e+00
   1.6000000e+00
   1.6400000e+00
   1.6000000e+00
   1.6200000e+00
   1.5800000e+00
   1.6400000e+00
   1.6000000e+00
   1.6200000e+00
   1.6400000e+00
   1.6000000e+00
   1.6000000e+00
   1.5800000e+00
   1.6200000e+00
   1.6000000e+00
   1.6200000e+00
   1.6200000e+00
   1.6000000e+00
   1.6000000e+00
   1.6200000e+00
   1.6400000e+00
   1.6000000e+00
   1.6400000e+00
   1.6200000e+00
