   7.4000000e-01
   9.0000000e-01
   1.2800000e+00
   1.3200000e+00
   1.3000000e+00
   1.3000000e+00
   1.3400000e+00
   1.2800000e+00
   8.2000000e-01
   8.6000000e-01
   1.6200000e+00
   1.3000000e+00
   1.3000000e+00
   1.3000000e+00
   1.3200000e+00
   1.3200000e+00
   1.3000000e+00
   1.3200000e+00
   1.3000000e+00
   1.3200000e+00
   1.2800000e+00
   1.6600000e+00
   1.6400000e+00
   1.3200000e+00
   1.2800000e+00
   1.3000000e+00
   1.3400000e+00
   1.2800000e+00
   1.2800000e+00
   1.3000000e+00
   9.0000000e-01
   8.4000000e-01
   1.2600000e+00
   8.0000000e-01
   8.8000000e-01
   1.2800000e+00
   1.3000000e+00
   1.3000000e+00
   1.3400000e+00
   1.3000000e+00
   1.3000000e+00
   1.3000000e+00
   1.6600000e+00
   1.6600000e+00
   1.2800000e+00
   1.4000000e+00
   9.4000000e-01
   1.2600000e+00
   1.3200000e+00
   1.2800000e+00
   8.0000000e-01
   9.4000000e-01
   9.4000000e-01
   1.3000000e+00
   1.2800000e+00
   1.3200000e+00
   1.3200000e+00
   1.3000000e+00
   1.3200000e+00
   1.3000000e+00
   1.3200000e+00
   1.3000000e+00
   7.8000000e-01
   9.0000000e-01
   1.2600000e+00
   1.3400000e+00
   1.3000000e+00
   1.3000000e+00
   1.3200000e+00
   1.2800000e+00
   1.6800000e+00
   1.6600000e+00
   1.2600000e+00
   1.3200000e+00
   1.3600000e+00
   9.6000000e-01
   1.2600000e+00
   1.3400000e+00
   1.3000000e+00
   1.3000000e+00
   1.6800000e+00
   1.2800000e+00
   1.3200000e+00
   1.3000000e+00
   1.3000000e+00
   1.3200000e+00
   1.3000000e+00
   1.3200000e+00
   1.3200000e+00
   1.3000000e+00
   1.3000000e+00
   1.3200000e+00
   8.4000000e-01
   8.2000000e-01
   1.2800000e+00
   1.3200000e+00
   1.3000000e+00
   1.6800000e+00
   1.2600000e+00
   1.3000000e+00
   1.3400000e+00
   1.6200000e+00
   1.3200000e+00
   1.3200000e+00
   1.3000000e+00
   1.6600000e+00
   1.2800000e+00
   1.3000000e+00
   8.8000000e-01
   8.4000000e-01
   1.2400000e+00
   1.3200000e+00
   1.3000000e+00
   1.3200000e+00
   1.2800000e+00
   8.8000000e-01
   8.4000000e-01
   9.6000000e-01
   1.2800000e+00
   1.3000000e+00
   1.3200000e+00
   1.3000000e+00
   1.3000000e+00
   1.3200000e+00
   1.3000000e+00
   1.3200000e+00
   1.6800000e+00
   1.2800000e+00
   1.3000000e+00
   1.3200000e+00
   1.3200000e+00
   8.2000000e-01
   9.0000000e-01
   1.6400000e+00
   1.6400000e+00
   1.3000000e+00
   1.3200000e+00
   1.3000000e+00
   1.3200000e+00
   1.2800000e+00
   8.0000000e-01
   9.0000000e-01
   7.4000000e-01
   1.2000000e+00
   7.4000000e-01
   1.2200000e+00
   1.7000000e+00
   1.3000000e+00
   1.3000000e+00
   1.3200000e+00
   7.8000000e-01
   9.0000000e-01
   1.2400000e+00
   1.3000000e+00
   1.3600000e+00
   1.3200000e+00
   1.3200000e+00
   1.2800000e+00
   1.3600000e+00
   1.3000000e+00
   1.3200000e+00
   7.8000000e-01
   8.8000000e-01
   7.4000000e-01
   9.2000000e-01
   1.2800000e+00
   1.4200000e+00
   1.4200000e+00
   1.6800000e+00
   1.3000000e+00
   1.3200000e+00
   1.3000000e+00
   1.2600000e+00
   1.3600000e+00
   1.3000000e+00
   1.3600000e+00
   1.3000000e+00
   1.3200000e+00
   1.3000000e+00
   1.3000000e+00
   8.6000000e-01
   8.4000000e-01
   1.3000000e+00
   1.2800000e+00
   1.3200000e+00
   1.2600000e+00
   8.8000000e-01
   8.6000000e-01
   1.2600000e+00
   1.3200000e+00
   1.6400000e+00
   1.3200000e+00
   1.3000000e+00
   1.6600000e+00
   1.2800000e+00
   1.3400000e+00
   1.3000000e+00
   1.3200000e+00
   1.2600000e+00
   1.3400000e+00
   1.3200000e+00
   1.3200000e+00
   1.3000000e+00
   8.8000000e-01
   8.4000000e-01
   1.2400000e+00
   1.3400000e+00
   1.3000000e+00
   1.3200000e+00
   1.2400000e+00
   8.6000000e-01
   8.6000000e-01
   1.3000000e+00
   1.3000000e+00
   1.6600000e+00
   1.2800000e+00
   1.3200000e+00
   8.6000000e-01
   8.4000000e-01
   9.4000000e-01
   1.3000000e+00
   1.3000000e+00
   1.3200000e+00
   1.3000000e+00
   1.3200000e+00
   1.3000000e+00
   1.3200000e+00
   1.2800000e+00
   1.7400000e+00
   9.4000000e-01
   1.2800000e+00
   1.3200000e+00
   1.2800000e+00
   1.3400000e+00
   1.3000000e+00
   1.3000000e+00
   1.3200000e+00
   1.7600000e+00
   9.2000000e-01
   9.2000000e-01
   1.3000000e+00
   1.3200000e+00
   1.3000000e+00
   1.3200000e+00
   1.3000000e+00
   1.3000000e+00
   1.3200000e+00
   1.3000000e+00
   1.3200000e+00
   1.3000000e+00
   1.3200000e+00
   1.3200000e+00
   1.3000000e+00
   1.3000000e+00
   8.4000000e-01
   8.4000000e-01
   1.2400000e+00
   1.3200000e+00
   1.2800000e+00
   8.0000000e-01
   9.4000000e-01
   9.6000000e-01
   7.8000000e-01
   8.8000000e-01
   8.8000000e-01
   1.3800000e+00
   1.3000000e+00
   1.3000000e+00
   1.3000000e+00
   1.3400000e+00
   1.2800000e+00
   1.3200000e+00
   7.8000000e-01
   9.0000000e-01
   7.2000000e-01
   9.0000000e-01
   1.3000000e+00
   1.3000000e+00
   1.3200000e+00
   1.3200000e+00
   1.3000000e+00
   1.3000000e+00
   1.3200000e+00
   1.3000000e+00
   1.2600000e+00
   1.3000000e+00
   1.3400000e+00
   8.2000000e-01
   8.8000000e-01
   7.8000000e-01
   8.8000000e-01
   1.2600000e+00
   1.3000000e+00
   1.3200000e+00
   1.2800000e+00
   1.3600000e+00
   1.2400000e+00
   1.3000000e+00
   1.3600000e+00
   1.3000000e+00
   1.3000000e+00
   1.6600000e+00
   1.6600000e+00
   1.2800000e+00
   1.3000000e+00
   1.3200000e+00
   1.2600000e+00
   1.3000000e+00
   1.3600000e+00
   1.3200000e+00
   1.3000000e+00
   1.6800000e+00
   1.6400000e+00
   1.2800000e+00
   1.3200000e+00
   1.3000000e+00
   1.2800000e+00
   1.2800000e+00
   9.2000000e-01
   8.4000000e-01
   9.6000000e-01
   1.2600000e+00
   1.3000000e+00
   1.3400000e+00
   1.3000000e+00
   1.3200000e+00
   1.3000000e+00
   1.3200000e+00
   1.3000000e+00
   1.3200000e+00
   7.6000000e-01
   9.0000000e-01
   1.2400000e+00
   1.3600000e+00
   1.3200000e+00
   1.2800000e+00
   1.3400000e+00
   1.3000000e+00
   1.3000000e+00
   1.3200000e+00
   1.3000000e+00
   1.6600000e+00
   1.6400000e+00
   1.2800000e+00
   1.3200000e+00
   1.3000000e+00
   1.2600000e+00
   8.6000000e-01
   8.6000000e-01
   7.4000000e-01
   9.4000000e-01
   9.4000000e-01
   1.3000000e+00
   1.3000000e+00
   1.3200000e+00
   1.3200000e+00
   1.6600000e+00
   1.3000000e+00
   1.3000000e+00
   8.2000000e-01
   8.6000000e-01
   1.2600000e+00
   9.2000000e-01
   9.2000000e-01
   9.0000000e-01
   1.2800000e+00
   1.3000000e+00
   1.3200000e+00
   1.3000000e+00
   1.3200000e+00
   1.3000000e+00
   1.3000000e+00
   8.4000000e-01
   8.4000000e-01
   1.2600000e+00
   1.3200000e+00
   1.3200000e+00
   1.3200000e+00
   1.3000000e+00
   1.3000000e+00
   1.3200000e+00
   1.3000000e+00
