   2.0600000e+00
   1.2600000e+00
   1.2200000e+00
   1.2200000e+00
   2.4000000e+00
   1.1600000e+00
   1.2600000e+00
   1.1800000e+00
   1.2400000e+00
   1.2600000e+00
   1.2200000e+00
   1.1000000e+00
   1.2800000e+00
   1.2400000e+00
   1.3800000e+00
   1.3800000e+00
   1.7800000e+00
   1.7800000e+00
   1.2000000e+00
   2.2800000e+00
   1.2400000e+00
   1.2400000e+00
   1.2600000e+00
   2.3600000e+00
   2.3200000e+00
   2.3200000e+00
   2.3200000e+00
   1.1800000e+00
   1.1800000e+00
   1.1000000e+00
   1.1600000e+00
   2.3800000e+00
   1.2600000e+00
   1.2000000e+00
   1.2800000e+00
   2.3600000e+00
   1.2800000e+00
   2.4000000e+00
   1.2400000e+00
   1.2200000e+00
   2.3400000e+00
   2.5200000e+00
   2.3400000e+00
   2.4000000e+00
   2.3600000e+00
   2.3800000e+00
   2.4600000e+00
   2.3200000e+00
   1.2200000e+00
   1.1800000e+00
   2.4200000e+00
   2.2000000e+00
   1.2000000e+00
   2.3600000e+00
   1.2200000e+00
   2.3000000e+00
   1.2600000e+00
   1.3000000e+00
   1.2000000e+00
   2.4000000e+00
   2.4000000e+00
   1.2600000e+00
   2.4200000e+00
   2.3800000e+00
   2.3000000e+00
   1.2400000e+00
   1.2800000e+00
   1.3000000e+00
   1.2600000e+00
   1.3200000e+00
   1.2400000e+00
   1.1800000e+00
   1.2600000e+00
   2.3800000e+00
   1.2600000e+00
   1.2200000e+00
   1.2000000e+00
   1.1400000e+00
   1.2200000e+00
   1.2200000e+00
   1.2000000e+00
   1.1200000e+00
   1.1800000e+00
   2.4800000e+00
   2.2600000e+00
   1.3600000e+00
   1.2600000e+00
   1.2200000e+00
   1.2800000e+00
   1.2800000e+00
   1.2600000e+00
   1.2000000e+00
   1.1400000e+00
   1.3000000e+00
   1.2200000e+00
   1.3200000e+00
   1.1600000e+00
   1.2800000e+00
   1.2800000e+00
   2.3800000e+00
   1.2000000e+00
   1.2400000e+00
   1.2200000e+00
   1.1200000e+00
   1.2000000e+00
   1.3000000e+00
   1.2000000e+00
   1.2200000e+00
   2.3000000e+00
   1.1600000e+00
   1.2000000e+00
   1.2400000e+00
   2.3200000e+00
   1.1800000e+00
   1.2200000e+00
   1.3000000e+00
   1.0400000e+00
   1.1800000e+00
   2.3200000e+00
   1.2200000e+00
   1.1200000e+00
   1.2000000e+00
   1.2200000e+00
   1.2000000e+00
   1.2600000e+00
   1.0200000e+00
   1.2800000e+00
   1.1000000e+00
   1.1400000e+00
   2.2400000e+00
   1.2200000e+00
   2.1600000e+00
   1.1400000e+00
   2.2800000e+00
   1.0200000e+00
   2.3800000e+00
   1.1000000e+00
   1.1000000e+00
   1.2400000e+00
   1.2400000e+00
   1.2400000e+00
   1.0600000e+00
   1.1600000e+00
   2.3600000e+00
   2.2400000e+00
   1.1800000e+00
   2.4200000e+00
   1.2200000e+00
   1.2400000e+00
   1.2000000e+00
   2.3800000e+00
   1.2200000e+00
   1.2200000e+00
   1.2000000e+00
   1.1800000e+00
   1.1000000e+00
   1.2200000e+00
   1.1400000e+00
   1.2400000e+00
   1.0800000e+00
   1.2000000e+00
   2.3400000e+00
   1.2000000e+00
   1.2000000e+00
   1.2000000e+00
   2.2600000e+00
   1.1200000e+00
   2.3400000e+00
   2.2600000e+00
   1.1800000e+00
   1.2000000e+00
   2.3000000e+00
   1.1600000e+00
   1.1800000e+00
   1.1800000e+00
   2.4400000e+00
   2.2200000e+00
   1.2200000e+00
   1.1600000e+00
   1.1800000e+00
   2.2600000e+00
   1.1600000e+00
   1.2000000e+00
   1.1400000e+00
   1.1400000e+00
   1.1400000e+00
   1.1800000e+00
   2.3400000e+00
   2.2800000e+00
   2.2800000e+00
   2.2800000e+00
   1.1800000e+00
   1.1600000e+00
   1.1600000e+00
   1.1600000e+00
   1.2000000e+00
   1.1800000e+00
   2.2400000e+00
   2.3000000e+00
   1.1600000e+00
   1.2800000e+00
   2.2000000e+00
   1.1800000e+00
   1.2200000e+00
   1.1400000e+00
   1.1800000e+00
   1.9000000e+00
   1.3400000e+00
   1.2600000e+00
   1.3000000e+00
   1.3000000e+00
   1.3000000e+00
   2.2800000e+00
   1.1200000e+00
   1.2200000e+00
   1.0800000e+00
   1.2200000e+00
   1.2200000e+00
   1.1800000e+00
   1.1400000e+00
   2.3000000e+00
   1.2200000e+00
   1.2000000e+00
   1.2200000e+00
   1.2000000e+00
   1.0800000e+00
   1.1400000e+00
   1.2200000e+00
   2.2800000e+00
   2.3400000e+00
   2.3200000e+00
   2.3200000e+00
   2.3200000e+00
   2.4600000e+00
   1.1800000e+00
   2.2400000e+00
   2.3800000e+00
   1.1800000e+00
   2.2800000e+00
   1.1800000e+00
   1.2000000e+00
   1.1600000e+00
   2.3600000e+00
   2.1400000e+00
   1.3400000e+00
   2.4200000e+00
   2.4600000e+00
   2.3200000e+00
   1.1600000e+00
   1.1800000e+00
   1.1000000e+00
   2.2600000e+00
   1.2200000e+00
   1.1600000e+00
   1.2000000e+00
   1.1800000e+00
   1.1800000e+00
   2.3600000e+00
   2.2600000e+00
   1.2600000e+00
   1.1400000e+00
   1.2600000e+00
   2.2200000e+00
   1.1600000e+00
   1.2000000e+00
   1.0400000e+00
   1.2600000e+00
   1.1800000e+00
   1.1800000e+00
   1.1600000e+00
   1.1200000e+00
   1.1800000e+00
   1.1200000e+00
   2.3200000e+00
   1.1800000e+00
   1.1800000e+00
   1.1600000e+00
   1.1400000e+00
   1.1600000e+00
   1.0600000e+00
   1.2000000e+00
   1.1000000e+00
