   1.6800000e+00
   9.2000000e-01
   1.8400000e+00
   1.8400000e+00
   1.8400000e+00
   9.8000000e-01
   1.9200000e+00
   9.4000000e-01
   1.8600000e+00
   9.4000000e-01
   1.8600000e+00
   1.8600000e+00
   1.8600000e+00
   9.4000000e-01
   9.2000000e-01
   9.0000000e-01
   9.2000000e-01
   9.4000000e-01
   9.4000000e-01
   9.4000000e-01
   9.4000000e-01
   9.4000000e-01
   9.4000000e-01
   9.4000000e-01
   9.4000000e-01
   9.2000000e-01
   1.8600000e+00
   9.4000000e-01
   1.8600000e+00
   1.9200000e+00
   8.8000000e-01
   1.8600000e+00
   9.0000000e-01
   9.0000000e-01
   9.0000000e-01
   9.0000000e-01
   9.0000000e-01
   9.0000000e-01
   9.8000000e-01
   1.6600000e+00
   1.6600000e+00
   9.4000000e-01
   1.8600000e+00
   1.7600000e+00
   1.7600000e+00
   9.8000000e-01
   9.8000000e-01
   1.8000000e+00
   9.2000000e-01
   9.2000000e-01
   9.2000000e-01
   9.4000000e-01
   1.1000000e+00
   1.1400000e+00
   1.1000000e+00
   1.0400000e+00
   1.0800000e+00
   2.0400000e+00
   2.0200000e+00
   2.0200000e+00
   9.4000000e-01
   1.9000000e+00
   1.9000000e+00
   1.9000000e+00
   1.0000000e+00
   8.6000000e-01
   1.1200000e+00
   8.8000000e-01
   1.9600000e+00
   1.0000000e+00
   8.4000000e-01
   9.6000000e-01
   8.8000000e-01
   9.0000000e-01
   8.6000000e-01
   8.4000000e-01
   4.8000000e-01
   4.0000000e-01
   8.0000000e-01
   1.0600000e+00
   7.6000000e-01
   7.2000000e-01
   1.2400000e+00
   1.1400000e+00
   1.1400000e+00
   1.1400000e+00
   1.1400000e+00
   1.9200000e+00
   9.4000000e-01
   9.0000000e-01
   1.0200000e+00
   1.0400000e+00
   1.0600000e+00
   9.6000000e-01
   1.0800000e+00
   1.0800000e+00
   9.6000000e-01
   1.0800000e+00
   2.0800000e+00
   9.4000000e-01
   1.0400000e+00
   2.0800000e+00
   2.0800000e+00
   2.0800000e+00
   2.0800000e+00
   2.0800000e+00
   2.0800000e+00
   2.0800000e+00
   2.0800000e+00
   9.8000000e-01
   1.8600000e+00
   1.9400000e+00
   1.9400000e+00
   1.9400000e+00
   9.4000000e-01
   1.8600000e+00
   1.8600000e+00
   1.8600000e+00
   9.4000000e-01
   9.6000000e-01
   9.0000000e-01
   9.8000000e-01
   9.6000000e-01
   1.8800000e+00
   9.6000000e-01
   1.9000000e+00
   1.9000000e+00
   1.9000000e+00
   9.6000000e-01
   1.9000000e+00
   9.4000000e-01
   9.6000000e-01
   1.8600000e+00
   1.8600000e+00
   9.0000000e-01
   1.8000000e+00
   1.8000000e+00
   1.8000000e+00
   8.6000000e-01
   1.7600000e+00
   1.7600000e+00
   8.2000000e-01
   1.6800000e+00
   8.2000000e-01
   1.0000000e+00
   1.0000000e+00
   9.6000000e-01
   9.8000000e-01
   9.0000000e-01
   9.4000000e-01
   9.2000000e-01
   9.0000000e-01
   9.2000000e-01
   9.6000000e-01
   9.6000000e-01
   1.7800000e+00
   1.9400000e+00
   9.8000000e-01
   1.0200000e+00
   1.8200000e+00
   9.2000000e-01
   9.2000000e-01
   9.4000000e-01
   9.4000000e-01
   9.4000000e-01
   9.4000000e-01
   9.2000000e-01
   9.4000000e-01
   9.8000000e-01
   9.0000000e-01
   9.2000000e-01
   1.9200000e+00
   9.6000000e-01
   9.6000000e-01
   9.2000000e-01
   9.2000000e-01
   9.0000000e-01
   1.8200000e+00
   8.6000000e-01
   1.7400000e+00
   8.6000000e-01
   9.0000000e-01
   8.2000000e-01
   8.4000000e-01
   1.0200000e+00
   8.8000000e-01
   7.2000000e-01
   7.2000000e-01
   8.8000000e-01
   9.6000000e-01
   8.2000000e-01
   1.8200000e+00
   8.0000000e-01
   8.0000000e-01
   8.0000000e-01
   8.6000000e-01
   9.8000000e-01
   7.8000000e-01
   9.2000000e-01
   1.7600000e+00
   9.4000000e-01
   1.7600000e+00
   9.0000000e-01
   9.4000000e-01
   8.4000000e-01
   8.6000000e-01
   1.0400000e+00
   9.0000000e-01
   9.4000000e-01
   9.4000000e-01
   1.0000000e+00
   9.0000000e-01
   9.0000000e-01
   9.4000000e-01
   9.0000000e-01
   9.0000000e-01
   9.0000000e-01
   1.8000000e+00
   9.0000000e-01
   1.8200000e+00
   1.8800000e+00
   9.2000000e-01
   9.6000000e-01
   8.8000000e-01
   9.4000000e-01
   9.4000000e-01
   9.8000000e-01
   8.6000000e-01
   9.0000000e-01
   9.2000000e-01
   8.8000000e-01
   1.7600000e+00
   9.2000000e-01
   1.7600000e+00
   1.8800000e+00
   8.2000000e-01
   8.2000000e-01
   8.2000000e-01
   1.8800000e+00
   9.4000000e-01
   8.4000000e-01
   8.8000000e-01
   8.2000000e-01
   8.4000000e-01
   8.2000000e-01
   9.8000000e-01
   1.8800000e+00
   9.6000000e-01
   1.8000000e+00
   9.0000000e-01
   9.6000000e-01
   8.6000000e-01
   9.2000000e-01
   9.6000000e-01
   9.8000000e-01
   8.8000000e-01
   8.8000000e-01
   9.4000000e-01
   9.8000000e-01
   9.6000000e-01
   9.6000000e-01
   1.0400000e+00
   9.8000000e-01
   1.9000000e+00
   9.6000000e-01
   1.7800000e+00
   9.2000000e-01
   1.7400000e+00
   1.7400000e+00
   9.4000000e-01
   9.6000000e-01
   9.0000000e-01
   9.4000000e-01
   9.6000000e-01
   9.0000000e-01
   9.4000000e-01
   9.6000000e-01
   9.4000000e-01
   9.2000000e-01
   9.2000000e-01
   9.8000000e-01
   1.8200000e+00
   8.8000000e-01
   9.4000000e-01
   9.2000000e-01
   9.2000000e-01
   1.8400000e+00
   9.4000000e-01
   1.8000000e+00
   9.4000000e-01
   1.7400000e+00
   1.7400000e+00
   7.6000000e-01
   8.4000000e-01
   1.8400000e+00
   9.8000000e-01
   1.7200000e+00
   9.0000000e-01
   9.0000000e-01
   9.6000000e-01
   1.7600000e+00
   1.7800000e+00
   1.7800000e+00
   1.8600000e+00
   9.8000000e-01
   9.6000000e-01
   9.4000000e-01
   9.0000000e-01
   9.6000000e-01
   1.8600000e+00
   9.8000000e-01
   1.0200000e+00
   9.0000000e-01
   9.2000000e-01
   9.4000000e-01
   8.8000000e-01
   9.0000000e-01
   9.4000000e-01
   8.4000000e-01
   9.6000000e-01
   9.8000000e-01
   9.0000000e-01
   9.8000000e-01
   9.8000000e-01
   9.8000000e-01
   8.8000000e-01
   9.8000000e-01
   9.6000000e-01
   8.8000000e-01
   1.0000000e+00
