   1.1800000e+00
   1.2200000e+00
   1.2000000e+00
   1.1600000e+00
   1.1800000e+00
   1.1800000e+00
   1.2000000e+00
   1.1600000e+00
   1.1600000e+00
   1.1600000e+00
   1.1800000e+00
   1.1600000e+00
   1.1000000e+00
   1.0400000e+00
   1.0800000e+00
   1.1400000e+00
   1.0800000e+00
   1.0800000e+00
   1.1000000e+00
   1.1200000e+00
   1.2000000e+00
   1.1400000e+00
   1.1000000e+00
   1.1400000e+00
   1.1400000e+00
   1.1800000e+00
   1.1600000e+00
   1.1600000e+00
   1.1800000e+00
   1.2000000e+00
   1.2600000e+00
   1.2400000e+00
   1.1800000e+00
   1.1200000e+00
   1.0800000e+00
   1.0600000e+00
   1.1400000e+00
   1.1400000e+00
   1.1400000e+00
   1.0600000e+00
   1.1200000e+00
   1.1600000e+00
   1.2000000e+00
   1.1200000e+00
   1.0600000e+00
   1.0600000e+00
   1.1200000e+00
   1.1000000e+00
   1.0600000e+00
   1.0200000e+00
   1.0000000e+00
   1.0600000e+00
   1.1000000e+00
   1.1400000e+00
   1.0600000e+00
   1.1000000e+00
   1.1200000e+00
   1.1200000e+00
   1.1200000e+00
   1.0800000e+00
   1.1200000e+00
   1.2000000e+00
   1.1800000e+00
   1.2000000e+00
   1.1400000e+00
   1.0800000e+00
   1.0600000e+00
   1.1200000e+00
   1.1600000e+00
   1.1600000e+00
   1.1200000e+00
   1.0800000e+00
   1.1400000e+00
   1.1800000e+00
   1.1400000e+00
   1.1400000e+00
   1.1000000e+00
   1.1200000e+00
   1.1400000e+00
   1.1400000e+00
   1.1400000e+00
   1.1400000e+00
   1.1400000e+00
   1.1600000e+00
   1.1600000e+00
   1.0800000e+00
   1.0000000e+00
   1.0200000e+00
   1.1200000e+00
   1.0800000e+00
   1.0400000e+00
   1.0400000e+00
   1.1400000e+00
   1.1400000e+00
   1.1400000e+00
   1.1000000e+00
   1.0200000e+00
   1.0400000e+00
   1.0800000e+00
   1.0800000e+00
   1.0600000e+00
   1.0600000e+00
   1.1000000e+00
   1.1600000e+00
   1.1200000e+00
   1.1200000e+00
   1.1000000e+00
   1.1600000e+00
   1.1800000e+00
   1.1800000e+00
   1.1600000e+00
   1.2000000e+00
   1.2200000e+00
   1.1800000e+00
   1.1200000e+00
   1.0600000e+00
   1.0000000e+00
   1.0800000e+00
   1.1200000e+00
   1.0600000e+00
   1.0600000e+00
   1.0800000e+00
   1.1400000e+00
   1.1200000e+00
   1.1200000e+00
   1.0600000e+00
   1.0600000e+00
   1.0800000e+00
   1.1800000e+00
   1.1200000e+00
   1.1400000e+00
   1.1000000e+00
   1.1600000e+00
   1.1800000e+00
   1.2000000e+00
   1.1600000e+00
   1.1400000e+00
   1.1400000e+00
   1.2000000e+00
   1.2200000e+00
   1.1800000e+00
   1.1800000e+00
   1.1400000e+00
   1.1000000e+00
   1.0800000e+00
   1.0600000e+00
   1.0400000e+00
   1.1200000e+00
   1.1200000e+00
   1.1000000e+00
   1.0600000e+00
   1.0600000e+00
   1.0800000e+00
   1.1000000e+00
   1.0200000e+00
   1.0000000e+00
   1.0200000e+00
   1.0400000e+00
   1.0400000e+00
   1.0400000e+00
   1.0400000e+00
   1.1000000e+00
   1.1600000e+00
   1.1600000e+00
   1.1600000e+00
   1.1000000e+00
   1.0800000e+00
   1.1200000e+00
   1.1600000e+00
   1.1800000e+00
   1.1200000e+00
   1.1800000e+00
   1.2000000e+00
   1.2200000e+00
   1.1800000e+00
   1.1000000e+00
   1.0400000e+00
   1.0800000e+00
   1.1800000e+00
   1.1800000e+00
   1.2200000e+00
   1.1600000e+00
   1.1600000e+00
   1.1800000e+00
   1.1600000e+00
   1.1400000e+00
   1.0600000e+00
   1.0200000e+00
   1.1200000e+00
   1.1400000e+00
   1.1400000e+00
   1.1200000e+00
   1.1400000e+00
   1.2000000e+00
   1.2200000e+00
   1.1800000e+00
   1.1600000e+00
   1.1800000e+00
   1.1600000e+00
   1.2200000e+00
   1.1600000e+00
   1.1400000e+00
   1.1400000e+00
   1.1800000e+00
   1.2200000e+00
   1.2200000e+00
   1.1800000e+00
   1.1600000e+00
   1.1600000e+00
   1.2000000e+00
   1.2000000e+00
   1.1200000e+00
   1.0800000e+00
   1.0200000e+00
   1.2000000e+00
   1.0000000e+00
   1.1600000e+00
   1.1400000e+00
   1.0800000e+00
   1.0800000e+00
   1.1000000e+00
   1.1000000e+00
   1.1000000e+00
   1.0800000e+00
   1.0000000e+00
   1.1000000e+00
   1.1600000e+00
   1.1800000e+00
   1.1600000e+00
   1.1600000e+00
   1.1800000e+00
   1.1800000e+00
   1.1400000e+00
   1.1600000e+00
   1.1000000e+00
   1.0800000e+00
   1.2000000e+00
   1.2000000e+00
   1.1800000e+00
   1.1000000e+00
   1.0200000e+00
   1.1200000e+00
   1.2000000e+00
   1.2200000e+00
   1.1800000e+00
   1.1800000e+00
   1.1800000e+00
   1.1600000e+00
   1.1400000e+00
   1.0600000e+00
   1.0600000e+00
   1.0800000e+00
   1.1400000e+00
   1.1200000e+00
   1.1000000e+00
   1.0600000e+00
   1.0600000e+00
   1.1200000e+00
   1.1000000e+00
   1.1400000e+00
   1.1400000e+00
   1.1400000e+00
   1.2000000e+00
   1.2200000e+00
   1.1400000e+00
   1.1200000e+00
   1.1400000e+00
   1.0800000e+00
   1.1000000e+00
   1.0800000e+00
   1.0800000e+00
   1.0800000e+00
   1.1400000e+00
   1.2000000e+00
   1.2200000e+00
   1.2000000e+00
   1.1400000e+00
   1.1800000e+00
   1.2200000e+00
   1.1600000e+00
   1.2000000e+00
   1.1200000e+00
   1.1000000e+00
   1.1000000e+00
   1.1200000e+00
   1.1400000e+00
   1.1800000e+00
   1.1800000e+00
   1.2400000e+00
   1.2000000e+00
   1.1200000e+00
   1.0400000e+00
   1.0600000e+00
   1.1600000e+00
   1.1400000e+00
   1.1400000e+00
   1.1000000e+00
   1.1200000e+00
   1.1800000e+00
   1.2000000e+00
   1.2000000e+00
   1.1800000e+00
   1.2400000e+00
   1.2200000e+00
   1.2200000e+00
   1.2200000e+00
   1.1400000e+00
   1.0400000e+00
   1.0800000e+00
   1.1000000e+00
   1.1200000e+00
   1.1400000e+00
   1.1200000e+00
   1.1400000e+00
   1.2000000e+00
   1.2600000e+00
   1.2200000e+00
   1.2000000e+00
   1.2200000e+00
   1.2800000e+00
   1.2800000e+00
   1.2200000e+00
   1.1600000e+00
   1.1200000e+00
   1.2000000e+00
   1.2200000e+00
   1.2400000e+00
   1.2200000e+00
   1.2400000e+00
   1.2400000e+00
   1.2600000e+00
   1.2600000e+00
   1.1800000e+00
   1.1600000e+00
   1.1800000e+00
   1.2000000e+00
   1.2200000e+00
   1.1800000e+00
   1.2000000e+00
   1.2200000e+00
   1.2000000e+00
   1.1800000e+00
   1.1800000e+00
   1.1800000e+00
   1.2200000e+00
   1.2200000e+00
   1.2000000e+00
   1.1400000e+00
   1.1200000e+00
   1.1800000e+00
   1.2200000e+00
   1.2600000e+00
   1.1800000e+00
   1.1800000e+00
   1.1800000e+00
   1.2000000e+00
   1.2200000e+00
   1.1800000e+00
   1.1000000e+00
   1.0400000e+00
   1.1400000e+00
   1.1800000e+00
   1.1800000e+00
   1.1600000e+00
   1.1000000e+00
   1.1200000e+00
   1.1400000e+00
   1.1200000e+00
   1.0600000e+00
   1.0600000e+00
   1.0600000e+00
   1.1000000e+00
   1.1000000e+00
   1.0400000e+00
   1.0000000e+00
   1.1000000e+00
   1.1000000e+00
   1.1200000e+00
   1.1200000e+00
   1.1400000e+00
   1.2000000e+00
   1.1800000e+00
   1.2200000e+00
   1.1800000e+00
   1.2000000e+00
   1.1800000e+00
   1.2000000e+00
   1.2400000e+00
   1.2200000e+00
   1.2000000e+00
   1.1800000e+00
   1.1000000e+00
   1.1800000e+00
   1.2000000e+00
   1.2200000e+00
   1.2000000e+00
   1.2400000e+00
   1.2400000e+00
   1.2600000e+00
   1.1800000e+00
   1.1400000e+00
   1.2000000e+00
   1.2400000e+00
   1.2200000e+00
   1.2200000e+00
   1.1200000e+00
   1.0000000e+00
   1.0000000e+00
   1.0600000e+00
   1.1400000e+00
   1.1000000e+00
   1.1200000e+00
   1.0200000e+00
   1.1400000e+00
   1.1600000e+00
   1.1800000e+00
   1.1200000e+00
   1.0400000e+00
   1.0600000e+00
   1.1200000e+00
   1.1400000e+00
   1.1600000e+00
   1.2000000e+00
   1.2600000e+00
   1.2600000e+00
   1.2400000e+00
   1.2000000e+00
   1.1600000e+00
   1.1600000e+00
   1.2200000e+00
   1.2400000e+00
   1.2400000e+00
   1.2200000e+00
   1.1800000e+00
   1.1800000e+00
   1.2000000e+00
   1.2200000e+00
   1.2200000e+00
   1.2000000e+00
   1.2400000e+00
   1.2600000e+00
   1.2400000e+00
   1.2200000e+00
   1.1800000e+00
   1.0800000e+00
