6569.73
6569.73
6569.73
6560.16
6552.65
6563.27
6591.82
6594.01
6615.51
6659.55
6659.55
6653.26
6656.3
6649.3
6666.27
6684.59
6694.19
6746.93
6767.7
6763.61
6770.82
6776.6
6768.16
6777.64
6794.21
6765.12
6800.33
6795.62
6816.03
6816.03
6828.05
6835.99
6838.98
6827.71
6756.6
6763.09
6806.01
6776.51
6783.22
6751.29
6739.43
6777.34
6743.99
6764.89
6793.56
6778.27
6794.04
6736.09
6625.18
6507.15
6535.67
6609.45
6604.39
6593.39
6562.65
6578.2
6584.76
6584.76
6571.77
6567.25
6531.26
6535.88
6481.02
6475.93
6556.19
6502.81
6582.98
6614.2
6688.64
6737.06
6682.54
6708.24
6730.51
6767.67
6808.17
6805.78
6770.37
6798.78
6811.39
6810.67
6799.01
6843.85
6830.31
6904.81
6875.66
6875.66
6865.56
6865.08
6882.65
6882.65
6856.08
6834.84
6757.7
6808.38
6754.94
6766.94
6747.74
6746.51
6733
6634.33
6707.3
6822.18
6836.89
6839.89
6831.92
6826.5
6849.05
6841.4
6855.7
6862.7
6826.18
6795.63
6821.24
6814.5
6823.04
6783.24
6826.01
6814.72
6821.81
6852.61
6798.5
6824.95
6791.88
6813.85
6860.89
6806.37
6761.25
6800.53
6825.03
6870.7
6824.35
6819.45
6863.84
6846.09
6708.49
6755.54
6789.71
6794.24
6787.9
6779.36
6793.37
6816.15
6810.41
6819.78
6842.49
6836.1
6837.47
6795.98
6810.49
6816.7
6811.38
6821.1
6819.63
6788.3
6753.4
6760.85
6739.97
6739.89
6771.52
6778.54
6801.68
6834.32
6824
6836.81
6835.78
6864.55
6878.76
6853.69
6886.16
6922.99
6906.05
6930.66
6879.83
6914
6889.54
6915.4
6927.27
6917.56
6943.69
6938.42
6937.98
6956.21
6978.89
7000.04
7000.04
7020.15
7031.51
7035.84
7041.65
7046.51
7046.51
6972.61
6989.84
6998.52
7060.75
7076.46
7123.08
7119.4
7142.24
7155.98
7149.91
7115.33
7130.3
7130.3
7160.26
7157.8
7174.27
7151.78
7169.26
7175.33
7165.36
7143.86
7130.89
7117.07
7089.19
7088.44
7113.53
7124.78
7150.75
7150.75
7149.36
7176.39
7188.27
7150.32
7166.77
7134.5
7149.85
7154.4
7159.56
7126.14
7102.48
7135.94
7126.73
7117.89
7117.89
7145.43
7186.3
7172.17
7123.61
7160.29
7143.06
7141.2
7149.47
7136.6
7136.6
7115.1
7098.85
7042.41
7033.7
7042.67
7038.76
7038.1
7063.54
7060.52
7050.79
7023.57
7042
7042
7063.13
7063.13
7063.13
7063.13
7063.13
7063.13
7150.95
7137.59
7200.77
7222.14
7248.13
7251.88
7246.8
7244.78
7244.78
7255.85
7296.08
7289.98
7315.33
7293.28
7267.52
7249.42
7285.03
7279.41
7215.12
7254.01
7322.06
7291.31
7288.41
7278.44
7264.11
7239.9
7261.53
7261.53
7261.49
7207.22
7165.52
7135.91
7157
7121.65
7100.81
7095.08
7111.23
7121.26
7120.24
7146.53
7155.58
7137.12
7134.39
7094.03
7081.19
7068.73
7059.41
7044.87
6986.39
6956.52
7124.33
7120.39
7176.67
7196.8
7220.94
7293.57
7318.19
7325.96
7307.27
7303.04
7304.69
7334.31
7389.99
7416.97
7421.19
7447.74
7458.36
7508.52
7491.82
7517.31
7536.96
7514.88
7461.2
7418.7
7418.7
7418.7
7497.36
7533.22
7523.72
7534.41
7588.03
7623.81
7623.81
7623.81
7575.6
7575.6
7575.6
7465.3
7440.52
7495.25
7551.19
7480.24
7390.64
7467.45
7486.88
7451.89
7264.01
7371.27
7487.46
7541.02
7541.02
7576.18
7529.2
7502.03
7539.69
7589.95
7504.49
7480.58
7413.24
7430.37
7334.97
7375.27
7484.52
7569.3
7634.98
7711.73
7696.52
7705.3
7712.01
7714.57
7668.86
7705.41
7706.61
7692.84
7726
7851.73
7867.42
7894.93
7904.5
7925.34
7927.36
7826.47
7916.38
7895.16
7912.98
7923.86
7878.96
7853.95
7887.37
7876.89
7840.16
7756.76
7760.84
7717.07
7743.08
7816.76
7784.84
7823.56
7831.35
7828.26
7815.97
7820.06
7888.53
7906.1
7968.9
7978.47
7985.64
7938.89
7953.57
7976.4
8019.14
7949.38
7961.52
7972.96
7995.23
7917.53
7817.22
7852.29
7796.39
7726.59
7726.59
7735.71
7678.17
7678.46
7662.5
7604.17
7594.81
7629.17
7583.27
7543.4
7542.82
7542.82
7506.33
7539.27
7548.5
7522.6
7492.96
7492.96
7364.03
7363.6
7037.12
7357.68
7455.5
7305.91
7377.13
7499.75
7499.75
7545.88
7545.88
7516.2
7587.8
7587.8
7494.13
7352.49
7231.42
7076.65
7109.92
7253.99
7216.29
7262.19
7261.8
7280.58
7321.98
7428.25
7449.46
7939.63
7939.63
7572.15
7546.5
7546.5
7546.5
7528.21
7528.21
7505.02
7569.51
7674.92
7648.6
7667.31
7655.26
7647
7647
7602.7
7650.79
7664.69
7664.69
7664.69
7521.73
7566.17
7624.98
7716.13
7789.16
7752.43
7743.12
7743.12
7743.12
7654.17
7680.89
7674.65
7682.53
7682.53
7668.99
7644.57
7681.99
7662.48
7662.48
7681.84
7681.84
7681.84
7681.84
7681.84
7718.84
7719.34
7697.6
7691.22
7662.22
7662.22
7631.77
7635.66
7667.02
7667.02
7659.34
7677.07
7717.23
7737.51
7823.36
7906.26
7863.4
7926.55
7903.85
7918.82
7909.79
7828
7860.94
7834.7
7801.88
7784.89
7794.19
7761.11
7761.11
7690.29
7694.18
7693.92
7644.39
7683.76
7713.31
7758.36
7714.56
7664.02
7580.45
7548.51
7548.51
7309.41
7474.42
7354.82
7285.54
7248.47
7248.47
7292.91
7257.34
7102.61
7078.68
6916.99
6889.53
7052.8
7065.38
7065.38
7097.8
7194.31
7175.16
7203.82
7199.16
7193.83
7260.48
7293.67
7332.96
7344.35
7293.59
7230.53
7204.65
7204.65
7204.65
7252.93
7181.53
7120.86
7129.69
7135.21
7258.15
7260.58
7295.87
7333.94
7404.21
7417.16
7405.28
7405.28
7390.8
7390.8
7457.11
7457.11
7517.78
7518.78
7564.59
7538.12
7539.78
7603.21
7575.81
7619.39
7567.06
7572.15
7531.54
7497.05
7468.28
7428.4
7449.92
7404.36
7325.65
7325.65
7368.66
7344.9
7301.94
7300.54
7242.39
7240.03
7233.03
7152.28
7195.46
7242.58
7191.02
7142.39
7130.25
7127.7
7091.11
7127.96
7154.63
7152.58
7202.45
7204.19
7180.7
7213.87
7179.38
7084.87
7084.87
7019.56
7035.11
6991.56
6991.56
7146.69
7189.01
7155
7197.77
7175.89
7237.8
7212.5
7210.56
7227.37
7220.51
7203.94
7198.04
7192.59
7145.87
7122.08
7208.29
7213.41
7166.28
7092.67
7068.28
6976.17
6928.3
6885.21
6880.23
6927.69
6939.43
6864.56
6990.81
6967.78
6968.46
7053.49
7088.99
7126.6
7153.38
7185.1
7118.85
7123.38
7152.55
7125.91
7175.59
7219.33
7209.45
7189.42
7124.01
7105.03
7073.93
7096.3
7096.3
7087.9
7082.51
7042.63
7040.28
7071.1
7071.1
7066.04
6975.5
6940.51
6979.09
6910.73
6849.78
6942.22
6932.12
6932.12
6932.12
7361.57
7361.57
7413.25
7411.58
7414.8
7373.5
7370.2
7371.65
7378.04
7319.95
7324.04
7304.92
7199.61
7269.96
7291.47
7259.15
7334.64
7395.62
7395.62
7515.9
7528.96
7551.66
7576.4
7688.18
7708.32
7689.41
7762.23
7698.3
7740.1
7785.43
7854.92
7901.56
7901.56
7846.77
7837.26
7890.38
7936.19
7895.62
7966.77
8001.07
7991.65
8020.53
8026.99
8004.11
7945.25
7870.85
7885.57
7913.62
7882.95
7828.92
7865.8
7858.04
7810.15
7772.32
7830.88
7904.98
8015.07
8016.67
8016.67
8016.67
8016.67
8016.67
8021.4
8066.15
8120.51
8169.19
8172.66
8079.63
8039.85
8099.06
8088.53
8082.73
8028.28
7968.68
7923.31
7989.41
7833.99
7803.18
7962.51
7942.32
8014.61
8103.47
8105.52
8108.05
7991.29
8012.64
8010.91
8027.2
7995.93
8017.56
8017.56
8132.02
8135.42
8145.41
8106.27
8048.31
7987.27
7918.16
7931.65
7984.25
8056.04
8085.57
7988.85
8013.3
8005.02
8014.7
8041.16
8026.99
8008.25
8027.64
8081.44
8089.03
8111.83
8170.13
8195.14
8234.9
8234.9
8281.5
8311.1
8340.1
8302.77
8387.91
8424.13
8446.61
8478.7
8469
8485.82
8420.34
8479.4
8442.45
8435.37
8475.19
8468.63
8480.44
8554.21
8552.16
8582.53
8541.86
8564.48
8543.06
8563.12
8596.09
8507.47
8634.79
8636.56
8636.56
8704.39
8704.39
8663.04
8663.04
8670.64
8719.88
8667.99
8691.58
8653.9
8629.51
8591.79
8572.23
8598.84
8584.42
8561.45
8528.64
8563.51
8582.34
8626
8617.92
8617.92
8617.57
8549.7
8517.88
8517.88
8517.88
8475.3
8445.45
8445.45
8500.48
8598.65
8618.3
8698.33
8645.33
8702.68
8711.73
8798.62
8826.88
8813.48
8845.38
8838.24
8838.24
8844.19
8870.95
8935.66
8971.58
8928.13
8984.88
8984.88
9012.41
8968.77
8937.21
8883.6
8884.98
8900.02
8885.07
8866.66
8927.32
9019.69
8993.4
8991.93
9005.48
9062.37
9112.07
9078.75
9015.58
9040.43
9016.2
9038.61
8961.09
8960
8874.22
8878.48
8908.61
8920.82
9020.3
9019.07
9010.08
9089.58
9139.73
9203.75
9169.18
9147.34
9143.07
9145.54
9172.54
9195.92
9189.43
9228.35
9183.11
9252.21
9255.11
9255.66
9332.47
9340.01
9355.13
9299.33
9274.11
9274.11
9195.66
9141.25
9254.15
9272.56
9280.3
9280.3
9345.78
9414.15
9445.32
9432.61
9402.59
9450.1
9424.34
9491.93
9529.97
9562.48
9562.48
9493.09
9493.09
9472.35
9323.63
9420.9
9349.06
9230.8
9319.55
9370.21
9260.16
9232.77
9246.55
9323.09
9321.37
9356.79
9350.91
9344.12
9344.12
9341.68
9316.21
9319.26
9297.1
9244.24
9305.63
9348.52
9379.29
9430.81
9416.95
9386.68
9409.78
9416.56
9416.56
9373.54
9340.85
9294.71
9256.35
9320.24
9336.6
9379.85
9445.13
9438.79
9404.99
9461.03
9448.9
9442
9385.56
9401.17
9462.43
9530.61
9484.17
9627.93
9717.65
9709.42
9484.17
9484.17
9883.94
9893.82
9893.82
9893.82
9893.82
9893.82
9927.11
9946.86
9961.25
10053.8
10016.2
10072.5
10104.1
10150.9
10150.9
10155.57
10100.23
10098.4
10104
10071
10022.9
10115.1
10179.6
10180.95
10235.7
10196.1
10200.58
10156.3
10134.1
10121.08
10060.9
10099.6
10001.5
9959.9
9963.16
9830.47
9892.16
9897.15
9925.07
9937.83
9970.64
9947.71
9939.5
9962.87
10071.5
10073.8
10030.7
9920.27
9948.48
10088.9
10058.7
10021.2
10021.2
9997.22
10086.5
10194.7
10324
10347
10458.31
10479.8
10479.8
10413.89
10455.8
10506.19
10483.69
10528.39
10700.89
10801.6
10929.1
11050.19
10933.81
11002.02
10992.89
10914.73
10890.69
10915.1
10939.39
10967.1
11015.2
11019.6
10906.39
10932.8
10783
10803.89
10800.8
10761.8
10866.3
10901.5
10981.6
10981.6
11019.1
11105.5
11105.5
11190.2
11159
11052.4
11060.3
10879.71
10833.8
10563.3
10604.5
10619.8
10340.5
10128.8
10165
10061.89
10023.5
10251.7
10142.1
10116
10164
10141
9940.1
9913.2
10131.7
10258.7
10254.2
10316
10350.9
10376.8
10324.8
10275.9
10148.7
10057
10082.5
10197.3
10237.2
10170.7
10152.61
10172.5
10245.1
10311
10372
10377.97
10410.86
10349.3
10375.8
10420.53
10461.91
10373.2
10386.6
10354.88
10270.16
10154
10177.6
10242
10208.2
10088.8
9945.27
9703.35
9738.96
9800.11
9932.18
10036.2
10013.6
9998.5
9948.4
10086.9
10233.61
10431.09
10313.6
10247.1
10290.4
10375.93
10389.6
10360.9
10441.5
10418.2
10449.48
10533.3
10486
10538.3
10545.5
10554.09
10568.72
10575.89
10579.89
10586.3
10584.2
10630.1
10609.5
10545.55
10458.5
10600.7
10471.5
10443.1
10533.5
10578.8
10621.54
10636.4
10559.1
10552.3
10521.3
10505.11
10505.11
10604.8
10620.1
10643.9
10649.2
10653.79
10540.05
10587.38
10642.07
10737.58
10676.9
10668.7
10668.7
10696.9
10684.5
10780.2
10757.9
10742.9
10759.89
10845.17
11077.8
11029.89
11178.6
11151.5
11155.02
11176.9
11171.5
11253
11169.6
11249.95
11374.1
11297.7
11178.5
11166.9
11239.28
11235.1
11265.2
11320.89
11301.6
11271.39
11284.2
11256.98
11207.7
11207.7
11207.7
11163
11184.1
11248.1
11366.6
11428.9
11513.6
11577.4
11543.19
11559.8
11466.3
11316.9
11250.8
11382.3
11340
11419.1
11455.7
11460.2
11558.4
11514.1
11474.3
11474.3
11474.3
11492.2
11513.5
11542.6
11542.6
11542.6
11542.6
11542.6
11558.06
11575.5
11679.8
11763.16
11824.4
11812.24
11823.9
11823.9
11933
11887.2
11910.06
11964.5
11868.1
11859.01
11856.36
11785.1
11798.9
11843.1
11960.6
11992.3
11946.96
11891.1
11823.4
11867.2
11940.8
12009
12009
12027.89
12025.7
12081.7
12148.3
12149.1
12156.6
12152.4
12128.5
12147.06
12201
12195
12287.39
12321.89
12412.14
12509
12476.39
12498.7
12414.8
12347.5
12263.8
12296.89
12419.3
12405
12468.8
12506.6
12478
12541.4
12541.4
12542.6
12493.3
12486.1
12550.8
12604
12580.76
12677.1
12629.89
12683.3
12627.1
12627.1
12635.96
12630.4
12601.9
12573.8
12588.01
12552.73
12207.3
12302.1
12052.8
12114.8
12179.89
12124.1
12217.8
12333.9
12405.1
12405.1
12426.29
12458.6
12451.79
12451.79
12451.79
12506.3
12521.2
12474.5
12527.3
12541.5
12504.2
12358
12369.3
12419.89
12559.1
12650.36
12673.6
12649.1
12593.8
12642.69
12694.89
12767.2
12790.3
12758.4
12473.4
12583.3
12693.2
12716.1
12716.5
12683.3
12758.89
12748
12716.8
12685.19
12769.3
12741.1
12773.6
12678
12634.7
12765.9
12837
12910.3
12841.6
12882
12919
12913.7
12924.3
12969.6
12963.3
13029.6
13021
13012.1
12858.1
12839.49
12598.77
12698.26
12846.49
12852.54
12788.54
12771.65
12762.82
12777.02
12647.02
12648.09
12591.39
12269.89
12232.3
12538.3
12525.95
12450.6
12437.3
12421.1
12386
12401.19
12372.89
12326.7
12419.6
12484
12583.07
12640
12634
12704.8
12734
12691.39
12651.8
12691.39
12685.39
12728.8
12713.1
12726.6
12631
12529.5
12491.8
12453.35
12453.7
12519.5
12625.19
12603
12585.7
12585.7
12591.5
12529.69
12565
12666.89
12666.89
12755.6
12704.8
12689.5
12538.7
12700.1
12685.37
12720.5
12700.8
12713.83
12792
12835.21
12857.2
12857.2
12949.92
13017.3
13055.5
13036.6
13021.1
12973.22
13023.2
13001.7
12946.5
12969.1
12854.99
12937.04
12913.9
12908.7
12939.47
12808.1
12808.1
12820.7
12892.4
12851.2
12851.05
12821.3
12735.1
12716.3
12589.5
12637.44
12700.3
12607.3
12642.9
12697
12759.33
12783.39
12783.1
12777.8
12741.2
12763.27
12796.9
12774.5
12811.2
12864.11
12793.52
12798.2
12850.9
12972
13050.28
13107.98
13117.8
13128.9
13102.3
13115
13011.09
13043
13010.69
13010.69
13084.6
13083.18
13083.18
13083.18
13083.18
13083.18
13083.18
13053.8
12991.2
13056.4
13034.2
12998.2
12977.02
12928.6
12928.6
13027.1
13009.7
12952
12881.5
12923.3
12888.89
12904.2
12983.4
12993.7
12957.1
12949
13024.3
13086.5
13138.1
13185.7
13186.6
13212.13
13226.1
13226.1
13300.6
13293.8
13342.78
13447.9
13436.2
13466.6
13355.4
13394.31
13503.5
13576.2
13621.7
13642.1
13640.83
13757.6
13784.3
13807.5
13901.6
13994.6
14056.5
14066.19
14238.13
14414.69
14516.77
14655.5
14639.3
14476.5
14753.3
14753.3
14975.5
14826.86
15059.7
15337.18
15364.3
15859.69
15745.89
15555.5
15272.19
15019.81
15062
15014.1
15110.19
15203.6
15326.3
15396.8
15352.32
15358.39
15486.8
15758.61
15827.3
15712.89
15748
15682
15689.88
15757.9
15757.9
15825.5
15782.6
15868.44
15868.44
15900.14
15953.85
16078.23
16194.98
16105.19
15982.3
15943.69
15924.7
15739.05
15697.5
15690
15808.1
15917.3
16204.98
16409.5
16467.3
16553.39
16610.6
16670.77
16739.3
16669.5
16802.7
16811
16817.9
17008.3
16967.69
17096.39
17131.19
17205.97
17185.6
17075.89
17177.06
17277.59
17403.13
17457.89
17342.39
17516.63
17600.94
17500.43
17654.19
17622.69
17669.89
17691.8
17597.73
17714.1
17734.1
17506.1
17469.8
17670.77
17820.6
17882.8
17700.89
17725.6
17838.84
17522.19
17639.3
17860.1
18026.19
18050.59
18038.89
17728.89
17799
17509.69
17321.93
17263.1
17414.8
17353.5
17422.39
17435.52
17479.1
17794.69
18000.76
18264.69
18376.39
18597.39
18792.6
18936.19
18675.6
18441.31
18565.6
18640.81
18503.27
18367.98
18553.68
18820.75
18694.93
18505.44
18559.64
18775.07
18552.2
18474.1
18619.3
18561.25
18100.52
18100.52
17463.19
17336.6
17478.3
17523.39
17706.3
17706.3
17955.8
17988.3
17960.69
18106.31
17852.89
17564.39
17019.1
17240.22
17435.3
17604.39
17514.8
17650.19
17650.19
17338.69
17318
16970.1
16871.89
16701.34
16523.39
16205.8
15819.5
16308.3
16284
16157.8
16397.8
16505.39
17010.89
16910.63
16910.63
16786.89
16713.69
16758.3
16973.6
17053.2
17300.6
17447.89
17438.5
17390.5
17208.1
17273.52
17283.81
17304.6
17489.57
17489.57
17747.5
17727.89
17883.65
18083.02
18308
18191
18455.1
18623.89
18637.39
18710.69
18602.69
18776.19
18731.19
18830.6
18788.89
18933.1
18847.89
18723.69
18930
18825.39
18808.5
18902.85
18902.85
18820.64
18820.64
18820.64
18820.64
18820.64
18820.64
18820.5
18936.8
18842.39
18778.69
18810.3
18669
18544
18784.64
18784.64
19149.63
19188.7
19216.1
19429.19
19380.5
19456.6
19554.69
19686.8
19789.89
19921
20048.3
20072.1
19956.3
19973.89
19795.1
19668.81
19679.31
19814
19814
19874.89
19628.86
19532.5
19637.89
19881.8
20228.1
20080.39
19940.5
20076.5
20186.3
20453.89
20421.64
20933.8
20971.39
21031.69
21176.02
21105.8
21166.39
21214.5
21313
21470.19
21497.89
21415.39
21514.69
21705.1
21644.3
21657.6
21588.19
21435.3
21473
21558.8
22026.6
21627.6
21566.69
22040.19
22367.69
22410.8
22586.1
22784.6
22913
22922.19
23216.5
22919.5
23938.35
23510.69
23868.43
23938.35
23895.22
23886.1
24097.69
24024.6
24006.3
23072.39
22889.89
22889.89
23274.8
23680.8
23680.8
23680.8
23918.5
24207.55
24589.23
24608.22
24535.85
24363.19
24651.44
24729.02
24298.98
24077.88
23419.6
23754.01
24156.69
24582.77
24580.85
24539.75
24433.64
24772.39
24992.77
24902.63
25049.39
25366.1
25271.3
25523.89
25379.88
25738.95
25890.94
25894.27
25756.44
25738.85
25929.42
25750.55
25288.1
24640.35
24794.89
24892.75
25031.35
25049.81
24509.39
24176.39
24252.38
24636.44
24465.48
23870.85
23816.09
23472.42
23755.89
24102.98
24118.01
23931.52
23969.76
24003.6
23983.44
23328.64
23078.35
22702.73
23036.52
23942.94
24104.98
24385.81
24427.1
24510.35
24488.1
24483.81
24172.6
24297.14
24658.23
24800.94
25119.69
25282.97
25559.23
25575.73
25494.01
25378.88
25344.34
25231.59
25396.56
25559.18
25754.31
25643.39
25875.73
25968.77
25974.96
26029.22
26118.42
25946.6
25649.88
25744.03
25004.09
25204.09
24937.93
24795.24
24828.27
24954.02
24954.02
24967.73
24855.31
24844.84
24912.42
24866.06
24866.06
24944.9
25095.8
25837.3
25998
26010.88
25721.74
25862.45
26018.33
26088.97
25952.27
26286.75
26338.77
26284.65
26400.63
26646.43
26428.22
26366.74
25746.56
21910.08
23947.4
24404.45
23201.22
22202.56
22834.96
22577.53
22033.89
22765.04
23358.6
23358.6
23060.53
22629.56
22795.02
22418.37
21686.46
21036.76
21546.5
22448.25
22615.43
22344.28
22734.49
22668.8
22705.56
22705.56
22856.02
23219.69
23282.19
23268.2
22686.78
22832.89
22915.49
22808.16
22602.75
22586.52
22948.34
22885.7
23280.24
23035.81
22926.28
22846.73
22819.42
22899.83
22826.97
22956.84
22741.02
22693.85
22543.37
22120.94
21564
21564
21564
21564
21564
21217.04
21575.28
22790.5
22792.13
22872.56
22578.13
22625.05
22324.99
22603.65
22603.65
22910.2
22898.17
22843.14
22710.26
22876.58
23318.4
23498.76
23335.91
23587.25
23622.32
23732.32
23672.21
23595.37
23709.1
23650.8
23771.6
23662.27
23771.88
23771.88
23981.94
24207.4
24345.66
24429.95
24675.36
24773.41
24846.71
24949.45
24968.65
25100.66
25165.18
25242.81
25435.9
25682.82
25596.31
25615.62
25616.58
25463.73
25605.39
25617.82
25543.73
25433.51
25475.67
25704.43
25872.29
25966.26
25966.26
25842.75
25895.23
25781.28
25626.35
25622.71
25953.09
26320.07
26260.26
26104.22
26335.29
26315.35
26511.17
26769.22
26748.89
26924.87
26930.84
26985.55
27111.35
26893.57
26671.45
26657
26864.09
26828.16
26837.12
27213.45
27246.77
27191.97
27434.12
27434.12
27669.72
27669.72
27669.72
27669.72
27534.39
27264.3
27412.25
27161.05
27212.58
27468.31
27759.87
27819.98
27767.58
27373.24
27393.85
27249.76
27312.66
27443.65
27428.24
27290.49
27223.1
27416.7
27703.91
27869.36
27821.54
27996.24
27967.32
27912.65
28072.02
27920.36
28036.54
28061.8
28093.52
28147.32
28342.46
28139.03
27925.57
27860.78
27732.93
27750.39
27435.01
27398.09
27607.33
27769.4
27503.53
27360.39
27577.17
27766.6
27728.13
27917.08
27985.99
28099.84
28020.1
28084.08
27913.79
27662.12
27149.03
27553.98
27676.14
27285.01
27183.53
27303.76
27738.57
27796.09
27911.63
28326.31
28366.33
28348.45
28292.66
28423.38
28253.12
28170.36
27554.87
27784.98
27833.51
27901.29
27896.55
28178.86
28178.36
28209.42
28079.18
27919.95
27799.67
27870.44
27565.41
27379.1
27511.65
27365.95
26934.26
27116.5
27341.58
27320.51
27504.01
27740.11
27647.1
27756.74
27794.16
27805.67
27805.67
27866.38
27901
27548.58
27712.66
27428.31
27428.31
27330.95
27499.56
27752.01
27700.13
27923.67
27545.53
27501.02
27405.49
27172.34
27258.27
27258.27
27469.6
27409.37
27273.3
27306.57
27268.74
27141.98
27293.67
27390.55
27401.42
27281.54
27421.49
27620.6
27722.92
27741.34
27982.54
28013.67
27985.26
27985.26
27953.25
27866.36
28007.27
28212.78
28166.42
28489.57
28520.9
28829.41
28996.12
29076.81
29180.2
29284.26
29430.12
29430.12
29340.03
29406.65
28983.32
29318.3
29578.9
29541.46
29532.25
29614.68
29669.38
30050.82
29758.9
29793.42
29672.29
29597.81
29754.73
29705.75
29536.71
29470.08
29567.94
29698.19
29774.61
29686.26
29868.01
30050.93
30159
30159
30159
30159
30159
30243.66
30183.79
30209.54
30678.39
31006.51
31143.45
31143.45
31298.38
31298.38
31227.52
31354.55
31311.4
31170.38
31332.88
31557.68
31567.79
31511.81
31646.13
31567.5
31581.3
31360.68
31498.3
31685.78
31828.7
31880.65
32065.12
32078.43
32131.99
31985.32
31982.89
32149.48
32083.58
32173.39
32177.08
31980.08
32311.93
32452.49
32452.49
32285.77
31985.6
31964.3
32073.73
32000.1
31876.86
31937.94
31837.66
31656.45
31701.78
31552.96
31724.35
32100.48
32098.24
32021.01
31654.8
31654.8
31443.24
31588.66
31568.52
31512.4
32306.36
32737.28
32826.13
32838.68
33042.07
33312.25
33360.79
32995.78
33185.05
32999.02
33249.58
33256.45
33063.94
33150.44
33308.33
33321.66
33363.83
33185.15
33029.81
32805.92
33244.78
33434.93
33500.83
33713.85
33793.17
33954.99
33954.99
33954.99
33954.99
34135.24
34031.87
33992.35
34081.49
33866.33
33716.29
33926.45
33992.45
33856.33
34000.98
34067.86
33816.61
33851.82
34005.39
34191.62
34160.83
34076.89
34266.75
33981.35
33667.42
33457.08
33452.01
33626.89
33718.29
33639.98
33398.01
33213.55
33402.99
32913.09
33055.17
33013.18
33233.47
33345.28
33324.97
33530.71
33625.82
33469.21
33245.6
32956.31
32948.69
33236.42
33190.38
33309.71
33423.48
33703.97
33676.02
33746.77
33701.52
33631.16
33574.77
33456.22
33343.73
33557.17
33664.87
33899.43
34093.33
34538.9
34545.83
34785.28
34705.63
34953.87
34898.46
34899.34
34779.81
34741.99
34630.38
34759.48
34859.27
34719.8
34712.96
34671.62
34810.69
35084.15
35090.11
35063.14
35140.83
35114.35
34893.28
34786.55
34739.93
34607.41
34687.65
34471.66
34431.2
34348.22
34483.78
34441.95
34271.31
34152.56
34115.81
34113.66
34332.88
34286.94
34401.88
34401.88
34472.54
34471.07
34470.58
34745.02
34771.79
34960.71
35444.82
35370.57
35689.98
35636.76
35622.97
35366.37
35382.8
35522.99
35209.35
35376.35
35376.35
35240.07
34795.34
35116.02
34468.69
34996.08
35107.56
35374.22
35486.38
35585.52
35526.55
35442.4
35678.49
35527.29
35417.44
35549.44
35564.43
35494.86
35494.86
35434
35270.46
35595.59
35657.42
35663.2
35750.12
35768.64
35852.23
35876.34
35963.74
35893.58
36059.87
36286.92
36286.92
36484.47
36881.53
36985.3
37021.46
37268.79
37132.68
37303.87
37494.17
37654.29
37858.11
37724.06
37752.67
37803.53
38062.42
38180.7
38271.04
38586.18
38439.1
38512
38215.48
38040.37
38423.62
38684.55
38801.63
38876.94
38915.87
38915.87
38915.87
38915.87
38712.88
38274.76
38294.96
37951.46
37696.51
38170.13
37516.77
37516.77
36850.36
36821.14
36729.46
36836.54
37257.01
37378.02
36778.98
36969.11
36874.07
37173.7
37215.67
37188.95
37206.42
37650.15
37631.41
37666.83
37301.87
37516.24
37288.14
37288.14
37107.03
37155.89
37471.99
37460.32
37222.6
36895.52
35734.33
35826.84
34890.97
33321.87
33897.95
34591.99
33829.58
34057.56
33845.2
33791.08
33362.34
33690.89
33993.12
33368.23
32620.57
32352.13
32671.64
32616.44
31263.24
30807.19
30807.19
29843.34
30372.16
31840.49
31825.96
31263.57
31026.16
29980.45
28002.07
28759.72
28442.94
28249.06
29278.78
30397.93
29624.68
29440.28
29623.2
29213.92
28463.18
28461.6
29249.06
29945.41
29835.44
29679.07
29501.38
29564.36
29424.58
29584.8
29584.8
29689.83
30173.64
30173.64
30173.64
30956.27
30970.58
30945.61
30980.26
31512.14
32042.65
31997.04
31967.62
32061.6
32013.72
31765.05
31938.3
32176.51
32311.75
32793.88
33191.61
32817.67
32926.26
33130.8
32891.12
32925.37
32921.62
32953.5
33192.5
32993.29
32540.18
32322.31
32371.77
32668.11
32538.4
32376.8
32040.38
32087.76
32087.27
31694.57
31124.19
31571.77
32312.75
32106.19
31940.24
32160.23
32414.6
32445.92
32351.67
32445.12
32538.28
32152.43
32294.18
32575.32
32644.37
33021.73
33172.28
33048.11
33055.62
32421.52
31894.79
31702.46
31701.27
31369.75
30863.48
30442.95
31035.66
30837.99
30245.18
29515.76
28599.53
27653.07
28509.14
27615.73
27329.55
26176.43
26672.33
28112.12
27549.44
26786.72
26490.47
26297.84
25210.91
23737.63
24165.76
25141.76
25710.76
24894.79
25669.96
25978.37
25420.43
24907.64
24078.34
23811.93
23962.07
25080.9
24604.66
25216.14
25075.08
24897.46
24365.86
23884.82
23726.17
23602.98
23777.83
23777.83
23359.32
22250.62
21771.91
20983.5
20221.86
22898.41
22849.39
22278.19
22827.65
23630
23495.11
23495.11
22585.63
22390.16
23109.2
23606.1
23859.36
24367.08
24481.49
25070.86
25298.3
24876.88
25352.63
25005.64
25329.31
25242.4
25194.1
24295.16
24194.99
24385.33
23965.75
23500.25
22969.81
22931.8
22931.8
23973.67
23937.44
23487.48
23171.63
23518.16
23205.48
22816.99
23400.28
23400.28
23762.86
23623.51
23053.88
22712.6
22454.63
22725.99
21862.61
22193.72
22553.1
23522.49
23784.67
23956.97
23999.41
24642.97
24349.5
24087.91
24424.02
24876.78
24524.94
24119.6
24119.6
23767.88
23887.56
23940.7
23848.71
23848.71
23848.71
23848.71
23848.71
24069.18
23736.57
22897.84
22969.27
23047.36
23241.02
23213.23
23213.23
22442.7
23446.81
23808.3
23352.19
23253.65
23050.1
23269.01
23573.25
23569.44
23460.12
23409.61
23293.14
23156.7
23287.36
23821.57
23952.04
24104.43
24296.08
24296.08
24935.01
25139.47
25356.37
25343.74
26230.01
26166.98
26198.79
26024.37
25902.81
26462.76
26282.96
26094.25
26409.22
25881.57
25976.02
25913.48
26382.99
26397.96
26607.52
26669.37
26727.42
26418.32
26542.33
26843.1
27146.91
27006.66
26449.35
26449.35
26613.19
26645.79
26339.38
26104.65
26206.92
26292.04
26007.4
26252
26780.06
26689.81
26767.33
26607.65
26317.39
26268.86
26425.19
26582.5
26695.53
26813.3
26980.37
26798.9
26541.97
26237.01
26491.57
26330.21
26038.86
26123.68
26123.68
26111.25
26489
26477.86
26477.86
26477.86
26342.14
26309.79
26438.5
26274.29
26093.2
26030.08
25822.47
25520.27
25701.94
25523.03
25481.21
25398.66
25643.65
25529.14
25425.88
25390.67
25495.41
25647.4
25789.62
25912.61
25556.86
25289.57
24984.12
25035.11
24598.38
24662.59
24482.69
24808.17
25093.89
24943.09
24685.47
23996.75
24082.26
24275.08
23765.46
23907.42
23766.38
23543.03
23290.96
24108.76
23995.76
23373.47
23135.61
22898.34
22176.17
22608.96
23121.3
22937.92
23137.78
23459.04
23375.15
23060.7
22908.71
22866.36
22705.29
22758.98
23297.47
23332.71
23519.07
23443.58
23872.63
24120.75
24072.73
24027.97
23833.25
23464.96
23691.02
23482.46
23434.62
22985.67
22872
23393.3
23018.68
22814.37
21456.76
21687.06
22051.6
22515.77
22065.34
21592.27
21641.3
21621.63
22002.17
22335.87
22469.01
22469.8
22402.69
22499.65
22692.6
22573.98
22411.58
22504.79
22530.2
23134.43
23134.43
23443.61
23317.78
23332.31
23192.74
23192.74
23333.7
23577.42
23968.08
23969.47
23916.44
24377.01
24375.11
24711.44
24596.9
24330.83
24155.62
24485.26
24485.26
24157.72
23860.67
24307.65
24334.67
24439.85
24894.82
25016.81
24954.66
24799.94
24949.26
24906.43
24901.72
25140.61
24981.18
25222.28
25044.24
25044.24
24950.86
24750.2
24446.76
24486.49
24232.99
24667.73
24416.23
24176.54
24099.18
23400.12
23326.86
23199.86
23177.84
23117.39
22868.69
23112.09
22973.28
22780.42
22687.35
21992.29
22166.83
22669.44
22459.17
22445.06
22352.88
21953.06
21502.9
21712.57
22754.9
22836.67
22736.29
22629.9
21991.19
21777.12
21777.12
21664.53
22461.17
22555.07
22437.32
22983.77
22983.77
22983.77
22983.77
22983.77
23801.18
23566.39
22715
23113.64
22381.9
21696.86
21775.13
21775.13
21612.19
21321.37
20913.82
20858.3
21534.12
21580.72
21072.15
21007.11
21390.52
21362.26
21557.67
22023.05
22139.59
21999.6
21936.37
22104.92
22107.12
21819.52
21819.52
21541.64
21391.02
20883.86
21324.98
20872.03
20618.3
20771.92
21291.81
20973.24
21025.55
21364.77
21333.7
21338.81
21487.82
21051.71
21105.42
20864.42
20992.99
20797.68
20854.59
20592.14
20561.88
20456.06
19837.16
19917.63
19764.31
20185.09
20185.09
20239.6
19891.57
20226.78
19885.49
19636.99
19669.31
19345.95
18581.79
18286.03
18559.71
18436.37
17791.55
17175.53
16598.15
17850.66
17236.65
17439.58
17948.01
17959.76
17580.69
17071.36
16787.33
16839.12
17402.05
17542.45
17450.52
17527.4
17527.4
17390.71
17303.39
17303.39
17303.39
17878.66
18410.88
18375.95
18608.09
18508.53
18768.57
18804.6
18074.27
18443.1
18754.11
18674.93
18691.29
18221
18555
18204.64
17822.56
17931.25
18347.75
18004.11
18125.55
18188.68
17964.07
17790.04
17655.06
17845.04
17742.87
17709.05
17383.68
16953.23
16953.53
16445.8
16045.56
16519.87
15921.22
16106.99
15853.67
16143.72
15812.73
15741.27
15951.73
16325.07
16757.63
16717.78
16657.07
16459.55
16600.26
16848.66
16783.72
17201.73
17064.63
17116.92
16987.66
16548.07
15884.48
16002.41
15541.95
16039.94
15497.79
15373.34
15426.64
15095.95
15555.6
15910.28
15709.45
15692.59
15983.64
15926.44
15518.27
15066.34
14822.56
14773.79
14768.17
14820.25
14929.55
14309.41
14650.74
15267.76
16216.88
16627.96
16380.77
16541.65
17555
17970.79
18061.12
17740.06
17587.72
18386.49
18555.3
18440.18
18282.42
18875.55
18908.47
18107.69
18471.4
18471.4
17944.7
18116.52
18166.8
18066.24
18282.72
18282.72
18609.95
18394.76
17972.61
17748.09
17399.08
17369.91
17324.07
17101.5
17268.1
17111.74
17335.51
17059.78
17302.01
17490.67
17344.03
17628.49
17369.81
16903.81
16987.66
17141.52
17013.04
17117.65
17011.33
17185.26
17068.41
16937.71
16767.4
16853.36
16853.36
17065.2
17031.59
16869.81
16417.05
16437.11
16318.15
16376.93
16330.79
16162.99
15993.48
16778.84
16871.31
17033.6
17033.6
17096.09
17302.01
17479.04
17470.61
17683.65
17313.04
17393.68
17260.08
17295.69
17207.12
17281.85
17406.22
17501.3
17441.02
17289.97
17480.74
17268.71
17437.91
17680.74
17645.44
17690.67
17690.67
17648.85
17557.04
17188.62
17285.64
16924.95
16924.95
16924.95
16994.08
16842.58
16782.88
16780.98
16634.69
16589.55
16681.05
16517.91
16515.6
16515.6
16617.24
16798.64
16510.18
16538.68
16336.81
16287.45
16492.63
16509.68
17063.41
17023.78
17133.64
17186.31
17222.03
17190.63
17332.9
17281.73
17022.27
17089.9
17089.9
16851.51
17117.99
16916.32
17009.63
16982.14
17010.03
16820.61
16863.15
16798.94
16907.39
16953.35
16879.6
16864.25
16853.92
16759.61
16817.7
17686.47
17848.3
17858.63
17904.79
18037.52
18086.18
17968.3
18173.37
18727.9
18537.17
18784.39
18491.62
18450.69
18764.92
18788.7
19048.38
18963.16
18591.45
19099.09
19446.94
19759.46
19486.8
19829.23
19967.27
19892.18
19882.14
20740.29
20533.38
20675.84
20297.86
20112.34
19828.43
19773.01
19591.31
19704.15
19623.63
20206.71
20454.57
20454.57
20919.18
20919.18
20919.18
20919.18
20622.03
20811.36
21054.71
20940.37
20615.2
20532.78
20474.15
20565.51
20229.39
20380.79
20330.39
20557.47
20476.16
20631.76
20895.99
20852.63
20843.69
20552.35
20591.41
20691.7
21076
20882.24
20844.19
20575.24
20575.24
20493.32
20500.95
20397.35
20045.88
19902.42
19925.51
19804.54
19212.43
19538.3
19492.52
19685.07
19659.57
19886.76
19543.42
19590
19924.61
19621.46
19623.06
19829.78
19720.67
19688.67
19877.39
19980
20180.42
20139.11
20158.02
20331.53
20150.92
20038
20080.91
20115.81
19734.57
19822.08
19891.39
19829.58
20456.85
20380.14
20343.53
20357.64
20497.55
20425.64
20357.94
20493.05
20493.75
20732.57
20765.28
20745.17
20901.49
20841.98
20773.18
20687.47
20607.26
20414.14
20431.84
20521.45
20591.76
20791.68
20912.69
21026.6
20953.3
20983.2
21116.21
21060.81
20962.1
20918.19
20825.58
20817.98
21148.11
20947.79
20947.79
20502.15
20391.04
20266.03
20466.65
20174.62
20174.62
20307.53
20094.11
20172.72
20077.41
20105.71
20283.13
20264.43
20321.93
20500.25
20265.63
20378.64
20378.64
20137.31
20038.4
20082.81
20174.42
20072.21
20069.91
20173.42
20179.42
20264.83
20309.33
20023.6
19838.78
19479.45
19702.97
19438.24
19381.24
19381.24
18949.79
18590.46
18625.16
18125.71
18121.71
18158.52
18493.55
18074.61
18246.12
18108.71
18166.32
17941.19
17384.84
17384.84
17067.11
17222.92
16726.37
16078.71
16406.54
17125.31
17458.75
17459.35
16840.38
16903.49
16507.95
17061.91
17257.43
17327.33
17308.73
17489.15
17789.28
18051.91
17404.24
17315.43
17445.74
17445.74
17141.11
16819.88
17131.21
17272.03
17417.24
17417.24
17417.24
17369.74
17783.48
17881.99
18124.01
18443.44
18485.25
18793.88
18577.26
18973.7
18725.37
18514.55
19039.4
19183.92
19307.43
18353.24
18648.36
19138.21
18891.79
18757.88
20229.12
20416.34
20250.03
20174.82
20301.43
20014.4
20251.23
19841.38
19990.7
19990.7
19459.25
18974.6
19052.11
18931.39
18959.6
19393.94
19342.63
19341.83
19765.48
19803.38
19997.2
20216.62
19744.77
19605.86
19966
19811.88
19898.39
19839.18
20090.71
20115.31
20526.15
20508.85
20677.77
20592.16
20469.45
20469.45
20253.53
19962.1
20037.9
19836.48
19941.79
19709.74
19559.91
19111.92
19277.16
19122.22
19563.21
19696.74
19890.98
19934.99
19898.08
19648.33
20060.41
19987.2
20164.63
20277.36
20192.34
19882.18
19799.36
19964.39
19709.14
19628.93
19729.15
19725.25
19725.25
19570.21
19570.21
19570.21
19570.21
19862.47
19786.96
19917.78
20150.13
20224.24
20270.75
20188.44
20133.53
20152.73
20221.34
20342.17
20568.71
20622.12
20663.63
20495.8
20777.16
20838.97
20973.59
21053.11
21009
20954.19
20726.65
21042.71
21261.95
21402.78
21395.18
21552.81
21353.97
21282.96
21367.47
21503.3
21152.03
20813.16
20581.32
21040.21
20766.75
20300.96
20639.23
20481
20643.93
20543.41
20631.93
20834.37
20629.03
20620.02
20526.51
20473.09
20400.48
20540.41
20718.04
20770.15
20717.64
20775.16
20780.76
20622.92
20462.89
20297.66
20345.37
20137.23
20247.85
20449.39
20271.35
20660.13
20632.73
20676.84
20521.7
20635.83
20590.22
20770.25
20821.36
20663.83
20626.33
20786.36
20824.56
20862.77
20512.7
20394.58
20380.78
20511.6
20443.29
20471.49
20600.42
20592.12
20628.53
20642.93
20653.83
20409.18
20393.98
20023.8
19917.78
19897.88
19917.28
20046.11
19919.38
19919.38
19796.26
19554.11
19837.27
19885.38
19833.67
19833.67
19814.36
19468.89
19507.6
19615.12
19563.81
19650.03
19568.61
19751.55
19655.23
19744.75
19744.75
19821.46
20089.72
20148.83
19969.29
19958.29
19992.4
19868.87
19991.9
19899.08
19852.37
19732.15
19746.35
19796.36
19805.16
19989.6
19916.48
19750.65
19750.65
19811.56
19619.22
19609.02
19423.88
19264.85
19284.36
19261.45
19391.68
19306.66
19336.57
19302.56
19121.72
18962.99
18962.99
18701.24
18666.93
18811.36
18926.49
19075.62
19013.6
18998.3
19305.66
19340.47
19174.23
19180.04
18978.3
18975.1
18875.48
18931.49
19121.12
19163.43
19270.85
19406.98
19340.67
19633.53
19633.53
19726.75
19711.36
19665.53
19752.98
19723.06
19723.06
19723.06
19684.04
19616.11
19519.46
19444.92
19501.45
19548.47
19410.01
19331.17
19331.17
19241.32
19223.31
19075.74
18840.22
17785.49
18060.73
18159.48
18070.84
18104.35
18752.88
18649.82
18739.47
18604.3
18538.97
18667.23
18500.55
18290.25
18099.55
18291.35
18313.86
18138.47
17991
17780.59
18020.51
17956.48
18096.25
18106.65
17830.02
17472.94
16808.7
17053.43
16618.71
16963.18
17039.62
17040.72
16955.28
16621.31
16763.08
16358.38
16477.64
16245.82
16666.83
16355.68
16251.23
16129.96
16129.96
15904.85
15813.41
15749.72
16096.25
16681.73
16460.73
16512.22
16139.95
15381.29
15630.53
15882.49
15815.87
15719.5
16163.09
16268.88
16344.92
16438.79
16047.89
16304.15
16225.11
16376.08
16643.06
16968.24
16804.05
16910.54
16826.49
16883.99
16806.75
16811.46
17088.66
17088.66
17088.66
17088.66
17103.69
16958.22
16826.49
16461.73
16420.76
16609.7
16388.9
16471.35
16312.56
16140.85
15789.12
15916.15
15970.75
15579.44
15694.25
15574.03
15762.97
15436.79
15594.57
15849.13
15897.32
15660.99
15679.62
15442.3
15044.18
14813.46
14599.68
14660.49
14867.26
14703.17
14700.06
14665.7
14951.21
14926.37
15265.18
15145.36
14759.05
14618.07
14507.17
14517.4
14485.41
14755.74
14830.44
15256.89
16213.08
16242.66
16588.19
16605.74
16505.67
16517.7
16842.47
16574.35
16422.44
16453.42
16589.09
16591.5
16148.4
16387.25
16625.19
16649.45
16677.53
16358.57
16720.75
16893.71
16741.2
16615.46
16838.97
16789.33
16728.97
16792.34
16916.57
17452.72
18158.73
18149.7
18032.49
17871.05
17877.77
17731.98
17921.99
17770.68
17847.29
18135.16
17983.86
18117.22
18120.73
17748.52
17794.04
17620.38
17621.18
18279.55
18486.11
18472.17
18614.26
18758.55
18758.55
18319.16
18474.38
18198.64
18034.79
17713.93
17566.43
17921.98
18262.43
18022.86
17913.06
17739.84
18142.99
18145.08
18220.41
18506.28
18176.27
18176.27
17891.19
17971.4
17880.83
18016.44
17916.6
17895.97
17955.36
18157.33
18156.24
18014.25
17970.81
17726.68
17337.19
17509.17
17654.64
17474.49
18028.8
18028.8
18036.97
18021.22
17863.29
17821.04
17843.56
17789.46
17802.51
17682.74
17939.52
18151.16
18383.82
18384.32
18239.84
18239.84
18215.23
18543.14
18688.42
18533.98
18744.42
18833.1
18897.37
18879.53
19067.86
19412.32
19286.97
19226.78
19312.77
19283.48
19499.3
19346.55
19311.08
19140.49
19448.59
19653.25
19744.42
19775.41
19904.72
20011.76
19873.13
19868.15
19868.15
19868.15
19868.15
20618
20669.03
20563.58
20652.08
20612.32
20377.92
20287.42
20287.42
20567.07
20570.26
20370.04
20365.76
20196.53
20080.92
20312.74
20414.69
20663.84
20589.2
20722.44
20812.74
20935.12
20904.03
20653.38
20751.15
20943.49
21118.3
20934.82
20934.82
20784.23
20943.59
20886.19
20802.77
20721.25
20655.67
20372.23
20340.94
20300.38
20480.27
20000.4
19919.97
20125.37
20168.63
20063.88
20183.87
20241.18
19957.15
20155.87
19796.29
19950.27
19734.7
19923.66
20190.85
20285.13
20442.6
20442.6
20727.53
20700.92
20915.44
21014.77
21329.98
21295.82
21406.85
21560.39
21600.08
21464.73
21471.16
21695.84
21424.24
21744.17
21791.7
21694.43
21660.47
21883.04
21868.17
21816.22
21812.5
21883.84
22123.89
22119.88
22282.05
22230.1
22235.03
22235.03
22041.3
21815.01
21662.38
21662.38
21662.38
21495.28
21728.6
21411.88
21420.12
21171.82
21301.05
22055.97
22147.21
21916.6
21979
22091.74
21958
21724.08
21798.43
21699.76
21944.53
22021.5
21886.35
21956.19
21588.52
21858.12
21881.43
21804.46
21751.81
21719.15
21817.62
22104.8
22082.4
22289.39
22245.38
22332.4
22367.36
22437.3
22530.65
22603.2
22597.17
22666.8
22501.61
22530.75
22455.49
22347.97
22379.02
22292.91
22232.42
21924.94
21919.82
21778.94
21892.58
21656.45
21753.42
21406.35
21412.88
21566.42
21476.29
21005.63
21163.69
20631.03
20883.84
21124.9
20967.54
20880.33
20692.83
20984.83
20940.41
21077.47
20744.88
20477.59
20731.31
20551.05
20666.6
20864.95
20981.11
20968.25
20834
21106.41
21127.01
21275.02
21363.24
21228.8
20883.74
20910.27
20709.81
20553.16
20166.9
20107.11
20198.15
20201.87
20379.82
20152.53
20202.27
20559.59
20571.04
20443.93
20842.64
20842.64
21310.59
21156.75
21322.85
21112.24
21112.24
21171.99
21350.67
21461.37
21547.02
21556.4
21462.97
21498.6
21331.5
21148.03
21161.01
21038.53
20870.83
20870.83
20968.16
21029.25
21429.93
21397.19
21423.74
21612.3
21302.95
21123.68
21082.15
21003.49
20739.97
20885.41
20958.08
20681.67
20466.86
20633.06
20633.06
20592.33
20991.52
20771.11
21201.04
21065.08
21206.43
20979.44
21031.04
20929.73
20796.37
20956.18
21189.96
21143.34
21216.11
21293.57
21418.25
21345.28
21035.54
21020.36
20674.69
20630.56
20659.91
20943.9
20276.7
20603.71
20822.12
20568.38
20501.2
20341.39
20422.04
20413.46
20093.03
19570.67
19690.46
19690.46
19161.71
19549.41
19291.58
19369.04
19361.35
19361.35
19361.35
19361.35
19361.35
19446
18896.19
18680.38
18073.87
17303.65
18118.79
18093.13
18093.13
18144.34
18090.04
17480.34
17358.16
18013.88
17909.46
17689.36
17334.9
17796.57
18335.3
17864.04
18330.01
18085.95
18314.33
18185.97
18038.43
17867.04
18181.17
18181.17
18409.96
18688.06
18722
18750.65
18470.75
18599.12
19051.71
19034.54
18896.99
19070.07
18990.92
19021.56
18557
18429.13
18564.78
18273.51
18041.33
18198.74
18113.89
18267.72
18183.27
17900.48
17923.64
18053.5
18445.2
18493.71
18493.71
18633.16
18043.82
18439.61
18472.45
18210.42
18189.72
18003.4
17869.59
18037.3
18129.31
17860.59
17715.67
18021.7
17703.37
17485.75
17846.98
17692.47
17933.59
18031.2
18093.41
18352.14
18551.66
18544.45
18735.47
18698.07
18612.86
18670.37
18670.37
19151.12
19275.33
19514.75
19514.75
20180.92
20048.9
20061.81
19802.78
20143.51
20129.11
20209.72
20056.31
20324.73
20489.75
20332.83
19841.98
19877.39
20009
20043.5
19889.89
20351.34
20312.23
20068.81
20451.85
20563.16
20611.56
20488.15
20485.75
20223.82
20532.55
20289.93
20564.46
20528.35
20681.07
20593.66
20497.85
20507.85
20385.54
20436.14
20341.93
20679.27
20624.76
20523.75
20604.96
20175.52
20196.42
20121.41
19968
19705.17
19853.89
19697.17
19754.78
19875.49
20228.72
20069.41
20358.74
20519.25
20249.32
20249.32
20157.02
20130.51
20286.23
20389.54
20575.26
20402.74
20212.82
20331.43
19804.38
19668.07
19514.45
19702.07
19475.85
19604.46
18824.18
19099.11
19008.6
19222.62
19326.03
19041.1
18961
19252.23
19157.12
18650.17
18656.17
18814.98
18441.94
18451.45
18229.42
17974.3
18232.52
18735.17
18615.06
18650.17
18633.86
18695.97
18704.77
18282.23
17965.8
17965.8
17974.5
17683.27
17930.09
18058.21
18201.32
18201.32
18420.08
18341.96
17994.71
17987.21
17887.71
17842.16
17455.04
17647.45
17824.78
17511.19
17619.18
17376.92
17376.92
17204.7
17306.39
17331.37
17707.49
17478.42
17294.51
17210.09
17687.61
17151.55
17363.74
17038.36
16312.69
16857.04
16364.94
16458.94
16458.94
16500.1
16448.05
16533.87
15836.36
15697.2
15867.23
15434.17
15427.27
15082.52
16283.32
16726.57
15842.46
16308.49
16721.58
16721.58
15867.53
16045.55
16603.2
16636.26
17007.59
16910.29
16585.51
16306.79
16424.48
16131.57
16686.51
16478.12
16050.15
15904.3
15909.39
15985.21
16541.06
16161.64
15314.89
14799.4
14799.4
14924.98
15300.1
14802.6
14775.22
15258.74
15258.74
15258.74
15258.74
14956.84
14896.4
15028.17
15019.18
14995.1
14664.44
14755.94
15121.98
15121.98
16046.45
16262.04
16366.53
16684.42
16405.69
16789.11
17073.33
16981.62
16973.83
17014.59
16628.47
16776.82
17022.98
16882.62
17003.3
17040.06
17205
17205.09
17205.09
17174.93
16791.01
16775.52
16790.71
16613.89
16616.48
16756.24
16609.49
16198
16360.64
16501.7
16831.67
17264.34
17168.33
17095.6
16848.55
17131.97
16972.53
16982.82
16756.14
16575.22
17060.14
16861.14
16997.2
16619.68
16679.02
16830.47
16868.83
16606.39
16658.34
16980.62
16739.26
16263.04
16527.17
16241.66
15702.9
15517.78
15705.99
15978.72
16376.62
16536.66
16481.12
16317.58
16277.32
16299.3
15883.77
15703.8
15697.1
15825.67
15761.54
15761.69
16011.24
15649.95
15395.43
15395.43
15641.26
15601.1
15601.1
15601.1
15243.84
15143.03
15149
15381.9
15322.48
15343.81
15307.69
15242.86
15384.47
15551.65
15652.95
15845.25
15801.65
15783.12
15884.82
15664.29
15796.55
15670.78
15321.03
15554.45
15347
15426.47
15323.43
15294.71
15530.17
15339.26
15014.04
15022.33
14825.17
14720.38
14715.38
15361.54
15267.98
15309.09
15054.6
15123.18
15132.22
15210.04
15365.73
15830.27
16362.89
16471.58
16511.24
16350.45
16416.28
16530.97
16446.95
16090.06
16360.39
16488.91
16614.14
16731.92
16570.78
16570.78
16556.69
16293.06
16188.01
16361.89
15944.36
16114.54
16158.09
16201.6
16378.97
16165.08
16023.58
15992.16
15876.22
15829.17
15626.42
15406.99
15378.97
15382.02
15123.93
14794.66
15063.79
15406.34
15391.41
15298.2
14988.36
15072.93
14866.03
14413.79
13915.63
14107.89
14369.63
14376.62
14261.24
14042.91
14790.06
14913.49
14755.54
14666.03
13916.98
14227.37
14227.37
14197.7
13859.14
13983.12
13597.3
13789.81
13789.81
14205.78
13723.84
13909.37
13821.43
13406.39
13197.12
13223.69
12948.12
13021.64
13825.61
13026.06
12879.97
13555.01
13242.79
13070.73
12995.37
13280.54
13567.2
13808.05
14216.33
14295.56
14144.7
13843.46
13820.68
13516.07
13668.72
13564.51
13952.75
13952.75
14527.81
14341.37
14121.97
14194.54
14108.09
14428.02
14075.06
14268.21
14428.27
14413
14599.23
14354.46
14779.94
14779.94
15164.64
15073.47
15207.77
15069.39
14883.7
14835.41
14986.62
14697.08
14639.97
14723.49
14808.2
14931.9
14807.8
14405.64
14111.62
14011.19
14096.3
14126.99
14194.29
14152.95
13779.45
13779.45
13706.73
13797.95
13709.06
13846.9
13842.17
13842.17
13842.17
13415.89
13232.74
13468.46
13536.56
13391.81
13368.48
13360.97
13403.6
13738.86
13738.86
13805.06
13770.44
14028.05
14245.42
14154.4
14208.81
14382.01
14450.06
14342.32
14499.25
14465.18
14349.83
14161.31
14086.85
13898.08
13992.49
13902.66
13952.4
13952.4
13973.69
14054.72
14232.64
14158.67
14146.79
14098.04
14256.67
14500.65
14355.45
14470.45
14367.54
14221.75
13921.06
14170.36
14183.45
14894
14779.05
15096.7
15480
15502.14
15488.86
15779.6
16072.82
16268.11
15717.92
16378.78
16378.78
16019.1
15515.47
15986.04
16016.99
16008.84
15859.12
15836.59
16327.56
16290.19
16334.78
16479.71
16554.5
16846.69
16855.63
16507.4
16715.16
16764.68
16727.08
16851.6
16674.21
16697.11
16495.02
16665.88
16923.25
16918.51
16957.27
16942.24
16942.24
16701.53
16701.53
16701.53
16701.53
17300.61
16946.52
16977.01
16743.18
16947.36
16851.25
16810.39
16421.02
16378.62
16128.18
16199.99
16292.98
16390.49
16214.23
16230.52
16177.19
15972.68
16111.65
16408.5
16417.99
16227.5
16300.75
16475.89
16562.92
16622.5
17102.62
17198.55
17188.82
17282
17210.18
17470.45
17431.26
17738.85
17777.62
17586.75
17628.32
17436.52
17610.58
17782.79
17529.74
17860.75
17932.47
18135.06
18050.73
17958.9
17967.65
17937.73
18274.18
18181.09
18357.86
18431.86
18248.3
18532.58
18532.58
18257.52
17730.34
17534.44
17491.34
17462.72
17579.91
17869.92
17861.86
17825.7
17969.93
17685.38
17358.19
17084.24
17190.45
17202.09
17211.16
17422.97
17435.17
17826.03
17860.09
17892.26
17879.74
18098.11
18233.55
18095.41
17855.16
17666.29
17599.37
17918.97
17436.56
17802.48
17631.25
17629.99
17756.51
17707.5
17641.38
17677.56
17711.02
17909.29
17777.22
17777.22
17291.59
17342.27
17575.26
17932.79
17325.76
17325.76
16871.73
16821.06
17325.7
17282.28
17605.46
17712.56
17763.71
17784.15
17896.42
18136.55
18062.18
18062.18
18090.81
17754.49
17780.26
17601.57
17275.33
17254.17
17534.71
17448.27
17438.8
17648.79
17671.79
17382.36
17413.71
17942.08
17996.92
17991.96
17991.96
18348.13
18354.9
18240.98
18292.16
18567.87
18327.28
18258.55
18198.09
18155.14
18274.82
18532.81
18570.84
18822.12
18822.12
18896.21
18721.78
18914.5
18850.27
18558.23
18495.95
18514.41
18368.14
18507.2
18593.96
18401.2
18260.72
18271.85
18205.08
18165.55
18138.36
18111.31
18095.12
18175.49
18080.38
18461.93
18461.93
18584.95
18546.9
18783.52
18810.58
18934.34
18934.34
18934.34
19002.86
18542.55
18168.27
18193.41
18193.41
18850.92
18677.42
18833.29
18956.55
19437.23
19196.57
18897.75
19008.01
18878.09
19056.71
18895.53
19111.19
19209.72
19434.78
19539.7
19423.38
19578.91
19786.42
19763.13
19945.43
19868.88
20007.77
19710.02
19710.02
19556.46
19367.83
19599.18
19791.4
19789.03
19543.75
19390.58
19519.55
19571.44
19817.88
19720.1
19959.52
20081.67
20065.11
19927.54
19796.35
19944.24
19766.8
19662.33
19750.4
19189.93
19141.84
19078.6
19253.23
19566.32
19566.32
19602.36
19733.59
19704.6
19958.08
20281.03
20374.34
20706.65
20441.5
20337.32
20726.99
20594.93
20462.77
20223.61
20252.81
20619.06
20522.52
20833.21
20526.42
20434.68
19008.64
18969.52
19086.62
18959.32
18252.68
18480.15
18272.33
18134.31
18019.17
17973.7
18403.08
18439.36
18439.36
18439.36
18439.36
18199.96
17844.54
17701.47
16882.46
