   1.4400000e+00
   1.3200000e+00
   1.4600000e+00
   1.4800000e+00
   1.3400000e+00
   1.4600000e+00
   1.4600000e+00
   1.3600000e+00
   1.4600000e+00
   1.4800000e+00
   1.3800000e+00
   1.4600000e+00
   1.5800000e+00
   1.4200000e+00
   1.5800000e+00
   1.5200000e+00
   1.4200000e+00
   1.5000000e+00
   1.5200000e+00
   1.3800000e+00
   1.5200000e+00
   1.4800000e+00
   1.4600000e+00
   1.6000000e+00
   1.5600000e+00
   1.4000000e+00
   1.6000000e+00
   1.5800000e+00
   1.5800000e+00
   1.6000000e+00
   1.4800000e+00
   1.7400000e+00
   1.5800000e+00
   1.5600000e+00
   1.6800000e+00
   1.5200000e+00
   1.5000000e+00
   1.6800000e+00
   1.5400000e+00
   1.5200000e+00
   1.6600000e+00
   1.5400000e+00
   1.5600000e+00
   1.6200000e+00
   1.3800000e+00
   1.5800000e+00
   1.6000000e+00
   1.5000000e+00
   1.6000000e+00
   1.4400000e+00
   1.5400000e+00
   1.5600000e+00
   1.4600000e+00
   1.5400000e+00
   1.6200000e+00
   1.4600000e+00
   1.4600000e+00
   1.5000000e+00
   1.5000000e+00
   1.3800000e+00
   1.5600000e+00
   1.5800000e+00
   1.4400000e+00
   1.4800000e+00
   1.4600000e+00
   1.5200000e+00
   1.6000000e+00
   1.5400000e+00
   1.4600000e+00
   1.3800000e+00
   1.5400000e+00
   1.5000000e+00
   1.4400000e+00
   1.3800000e+00
   1.5200000e+00
   1.4800000e+00
   1.4600000e+00
   1.4600000e+00
   1.3600000e+00
   1.3600000e+00
   1.3800000e+00
   1.4600000e+00
   1.3400000e+00
   1.4600000e+00
   1.4600000e+00
   1.3600000e+00
   1.3600000e+00
   1.4000000e+00
   1.4600000e+00
   1.4200000e+00
   1.4600000e+00
   1.5000000e+00
   1.3400000e+00
   1.4000000e+00
   1.4800000e+00
   1.3000000e+00
   1.4200000e+00
   1.5200000e+00
   1.4000000e+00
   1.3000000e+00
   1.5000000e+00
   1.4600000e+00
   1.3400000e+00
   1.5600000e+00
   1.5400000e+00
   1.3400000e+00
   1.5400000e+00
   1.5800000e+00
   1.4200000e+00
   1.5600000e+00
   1.5400000e+00
   1.4200000e+00
   1.6800000e+00
   1.5800000e+00
   1.4600000e+00
   1.6200000e+00
   1.5800000e+00
   1.4400000e+00
   1.6800000e+00
   1.6000000e+00
   1.5000000e+00
   1.6800000e+00
   1.5200000e+00
   1.4200000e+00
   1.6600000e+00
   1.6200000e+00
   1.4600000e+00
   1.6400000e+00
   1.5800000e+00
   1.4600000e+00
   1.6800000e+00
   1.6200000e+00
   1.5000000e+00
   1.6000000e+00
   1.5600000e+00
   1.4400000e+00
   1.6600000e+00
   1.6000000e+00
   1.4400000e+00
   1.5400000e+00
   1.6200000e+00
   1.3800000e+00
   1.6600000e+00
   1.7400000e+00
   1.5400000e+00
   1.7400000e+00
   1.6000000e+00
   1.4800000e+00
   1.6800000e+00
   1.6000000e+00
   1.4200000e+00
   1.6200000e+00
   1.7200000e+00
   1.5800000e+00
   1.4800000e+00
   1.5800000e+00
   1.5400000e+00
   1.4400000e+00
   1.5600000e+00
   1.5400000e+00
   1.4200000e+00
   1.6200000e+00
   1.5600000e+00
   1.4200000e+00
   1.5400000e+00
   1.6600000e+00
   1.5000000e+00
   1.4800000e+00
   1.7000000e+00
   1.5600000e+00
   1.5400000e+00
   1.6000000e+00
   1.4800000e+00
   1.5200000e+00
   1.6200000e+00
   1.4600000e+00
   1.5200000e+00
   1.6800000e+00
   1.5400000e+00
   1.5200000e+00
   1.6400000e+00
   1.4600000e+00
   1.5600000e+00
   1.6200000e+00
   1.4600000e+00
   1.4800000e+00
   1.5200000e+00
   1.4400000e+00
   1.6600000e+00
   1.6000000e+00
   1.5600000e+00
   1.6400000e+00
   1.5400000e+00
   1.4400000e+00
   1.6200000e+00
   1.6600000e+00
   1.4800000e+00
   1.5000000e+00
   1.5600000e+00
   1.4800000e+00
   1.4400000e+00
   1.5600000e+00
   1.5200000e+00
   1.4200000e+00
   1.5400000e+00
   1.5400000e+00
   1.3400000e+00
   1.5600000e+00
   1.6000000e+00
   1.4600000e+00
   1.6600000e+00
   1.6600000e+00
   1.5000000e+00
   1.6600000e+00
   1.5200000e+00
   1.4400000e+00
   1.6400000e+00
   1.4600000e+00
   1.5400000e+00
   1.7000000e+00
   1.5000000e+00
   1.4600000e+00
   1.7400000e+00
   1.7200000e+00
   1.5400000e+00
   1.7200000e+00
   1.6400000e+00
   1.5000000e+00
   1.6400000e+00
   1.5800000e+00
   1.5000000e+00
   1.5800000e+00
   1.5800000e+00
   1.5200000e+00
   1.6800000e+00
   1.5000000e+00
   1.4600000e+00
   1.6400000e+00
   1.6600000e+00
   1.5800000e+00
   1.4800000e+00
   1.5600000e+00
   1.5400000e+00
   1.4200000e+00
   1.6600000e+00
   1.5600000e+00
   1.4000000e+00
   1.6800000e+00
   1.7400000e+00
   1.5600000e+00
   1.6400000e+00
   1.6600000e+00
   1.5800000e+00
   1.7400000e+00
   1.6000000e+00
   1.5400000e+00
   1.6800000e+00
   1.5600000e+00
   1.5400000e+00
   1.6200000e+00
   1.5000000e+00
   1.5200000e+00
   1.6800000e+00
   1.5400000e+00
   1.5600000e+00
   1.6600000e+00
   1.5200000e+00
   1.5800000e+00
   1.6800000e+00
   1.5200000e+00
   1.6800000e+00
   1.6600000e+00
   1.4600000e+00
   1.7400000e+00
   1.7000000e+00
   1.5000000e+00
   1.5600000e+00
   1.7400000e+00
   1.5400000e+00
   1.6000000e+00
   1.6400000e+00
   1.4000000e+00
   1.5600000e+00
   1.7000000e+00
   1.5400000e+00
   1.5800000e+00
   1.6000000e+00
   1.5600000e+00
   1.4600000e+00
   1.5200000e+00
   1.6200000e+00
   1.4200000e+00
   1.3400000e+00
   1.7400000e+00
   1.5000000e+00
   1.6400000e+00
