   3.8000000e+00
   4.6400000e+00
   3.9000000e+00
   2.3200000e+00
   2.3000000e+00
   3.2000000e+00
   1.6600000e+00
   4.1000000e+00
   4.1000000e+00
   4.9000000e+00
   4.7000000e+00
   4.9000000e+00
   5.4600000e+00
   4.0000000e+00
   3.9400000e+00
   4.1400000e+00
   4.9400000e+00
   4.8400000e+00
   4.1000000e+00
   4.0600000e+00
   4.6600000e+00
   6.3200000e+00
   4.7400000e+00
   4.9200000e+00
   4.8800000e+00
   3.3200000e+00
   1.6000000e+00
   2.4800000e+00
   1.6400000e+00
   5.9200000e+00
   5.5600000e+00
   4.7000000e+00
   4.9000000e+00
   5.7000000e+00
   2.5000000e+00
   1.5600000e+00
   1.6200000e+00
   7.8000000e-01
   2.4400000e+00
   2.5000000e+00
   2.4600000e+00
   3.3000000e+00
   1.5600000e+00
   8.8000000e-01
   3.9800000e+00
   3.4000000e+00
   4.0800000e+00
   4.7600000e+00
   3.4000000e+00
   1.5800000e+00
   3.9600000e+00
   3.1800000e+00
   3.0800000e+00
   3.0800000e+00
   7.8000000e-01
   7.2000000e-01
   1.5200000e+00
   8.6000000e-01
   8.4000000e-01
   8.0000000e-01
   1.5800000e+00
   8.6000000e-01
   3.1000000e+00
   8.4000000e-01
   8.4000000e-01
   1.4400000e+00
   2.4600000e+00
   1.5800000e+00
   8.4000000e-01
   4.7400000e+00
   5.6200000e+00
   5.8000000e+00
   9.2000000e-01
   2.2800000e+00
   1.6400000e+00
   8.4000000e-01
   7.2000000e-01
   8.2000000e-01
   8.6000000e-01
   8.2000000e-01
   8.0000000e-01
   7.8000000e-01
   8.2000000e-01
   1.6400000e+00
   1.6200000e+00
   8.0000000e-01
   2.3600000e+00
   2.4200000e+00
   8.8000000e-01
   1.6600000e+00
   9.0000000e-01
   8.2000000e-01
   5.4600000e+00
   4.8000000e+00
   4.9000000e+00
   4.0000000e+00
   3.2800000e+00
   1.5000000e+00
   9.0000000e-01
   3.8600000e+00
   4.0600000e+00
   8.0000000e-01
   7.8000000e-01
   1.6800000e+00
   3.1200000e+00
   1.1400000e+00
   4.1800000e+00
   3.2000000e+00
   1.5600000e+00
   3.1600000e+00
   3.9800000e+00
   3.9800000e+00
   4.5200000e+00
   4.4600000e+00
   4.4600000e+00
   4.8600000e+00
   3.9400000e+00
   5.2600000e+00
   1.5800000e+00
   2.4000000e+00
   7.2000000e-01
   1.5000000e+00
   2.4200000e+00
   1.5000000e+00
   8.2000000e-01
   5.9000000e+00
   1.5000000e+00
   1.5200000e+00
   7.0000000e-01
   7.8000000e-01
   7.6000000e-01
   1.4200000e+00
   1.5400000e+00
   7.2000000e-01
   1.6000000e+00
   1.4600000e+00
   7.8000000e-01
   3.8400000e+00
   3.7200000e+00
   3.8400000e+00
   1.4800000e+00
   3.0800000e+00
   1.5600000e+00
   3.8200000e+00
   3.9800000e+00
   3.8600000e+00
   3.8800000e+00
   1.6200000e+00
   2.3400000e+00
   3.8600000e+00
   4.4600000e+00
   3.8000000e+00
   3.9400000e+00
   5.2400000e+00
   3.8800000e+00
   3.8600000e+00
   3.9400000e+00
   3.9400000e+00
   4.0000000e+00
   3.9400000e+00
   3.6600000e+00
   3.1000000e+00
   7.4000000e-01
   3.9400000e+00
   3.8200000e+00
   4.6400000e+00
