   8.8000000e-01
   8.8000000e-01
   9.0000000e-01
   9.0000000e-01
   8.8000000e-01
   9.2000000e-01
   9.0000000e-01
   9.0000000e-01
   9.2000000e-01
   9.0000000e-01
   9.0000000e-01
   9.4000000e-01
   8.8000000e-01
   9.2000000e-01
   9.0000000e-01
   9.0000000e-01
   9.2000000e-01
   9.2000000e-01
   9.0000000e-01
   9.0000000e-01
   9.0000000e-01
   9.0000000e-01
   9.0000000e-01
   9.0000000e-01
   8.6000000e-01
   8.8000000e-01
   9.0000000e-01
   8.6000000e-01
   8.6000000e-01
   8.8000000e-01
   1.7400000e+00
   9.2000000e-01
   8.8000000e-01
   1.6600000e+00
   9.6000000e-01
   8.8000000e-01
   1.7000000e+00
   8.8000000e-01
   8.6000000e-01
   1.6400000e+00
   1.7400000e+00
   1.6400000e+00
   9.4000000e-01
   8.4000000e-01
   1.6600000e+00
   9.0000000e-01
   8.6000000e-01
   1.6400000e+00
   9.4000000e-01
   8.6000000e-01
   1.6600000e+00
   9.6000000e-01
   8.6000000e-01
   1.6400000e+00
   9.2000000e-01
   8.6000000e-01
   1.6400000e+00
   9.6000000e-01
   8.4000000e-01
   1.6200000e+00
   9.4000000e-01
   8.4000000e-01
   1.6000000e+00
   9.4000000e-01
   8.4000000e-01
   1.5800000e+00
   9.8000000e-01
   8.4000000e-01
   1.6000000e+00
   9.6000000e-01
   8.4000000e-01
   1.5800000e+00
   9.4000000e-01
   8.2000000e-01
   1.6000000e+00
   9.2000000e-01
   8.6000000e-01
   1.5600000e+00
   9.4000000e-01
   8.2000000e-01
   1.6000000e+00
   9.0000000e-01
   8.4000000e-01
   1.5800000e+00
   9.2000000e-01
   8.4000000e-01
   1.6000000e+00
   9.2000000e-01
   8.2000000e-01
   1.6200000e+00
   9.0000000e-01
   8.6000000e-01
   1.6400000e+00
   9.6000000e-01
   8.6000000e-01
   1.6600000e+00
   1.0000000e+00
   8.8000000e-01
   1.6800000e+00
   9.8000000e-01
   8.8000000e-01
   9.0000000e-01
   8.8000000e-01
   8.8000000e-01
   9.0000000e-01
   8.8000000e-01
   9.2000000e-01
   8.8000000e-01
   8.8000000e-01
   9.2000000e-01
   9.0000000e-01
   9.0000000e-01
   9.2000000e-01
   9.0000000e-01
   8.8000000e-01
   9.4000000e-01
   9.0000000e-01
   9.0000000e-01
   9.2000000e-01
   9.2000000e-01
   9.0000000e-01
   9.0000000e-01
   9.0000000e-01
   9.0000000e-01
   9.0000000e-01
   8.8000000e-01
   9.0000000e-01
   9.0000000e-01
   9.0000000e-01
   8.8000000e-01
   9.2000000e-01
   8.6000000e-01
   8.8000000e-01
   1.7800000e+00
   9.2000000e-01
   9.0000000e-01
   1.6800000e+00
   9.4000000e-01
   8.6000000e-01
   1.6000000e+00
   9.6000000e-01
   8.4000000e-01
   1.6400000e+00
   9.4000000e-01
   8.6000000e-01
   1.6200000e+00
   9.6000000e-01
   8.4000000e-01
   1.6000000e+00
   9.6000000e-01
   8.2000000e-01
   1.6000000e+00
   9.4000000e-01
   8.4000000e-01
   1.6400000e+00
   1.6400000e+00
   1.6400000e+00
   1.7200000e+00
   1.6000000e+00
   9.2000000e-01
   8.2000000e-01
   1.5800000e+00
   9.2000000e-01
   8.4000000e-01
   1.6000000e+00
   9.2000000e-01
   8.6000000e-01
   1.6400000e+00
   9.8000000e-01
   8.4000000e-01
   1.6400000e+00
   9.6000000e-01
   8.4000000e-01
   1.5800000e+00
   9.4000000e-01
   8.2000000e-01
   1.6200000e+00
   1.6200000e+00
   8.8000000e-01
   8.8000000e-01
   9.0000000e-01
   8.4000000e-01
   1.6200000e+00
   9.2000000e-01
   8.4000000e-01
   1.6000000e+00
   9.2000000e-01
   8.6000000e-01
   1.6000000e+00
   9.6000000e-01
   8.4000000e-01
   1.5800000e+00
   9.2000000e-01
   8.2000000e-01
   1.5800000e+00
   9.0000000e-01
   8.4000000e-01
   8.4000000e-01
   8.4000000e-01
   8.6000000e-01
   8.6000000e-01
   1.6200000e+00
   9.8000000e-01
   8.4000000e-01
   1.6000000e+00
   9.6000000e-01
   8.4000000e-01
   1.5800000e+00
   9.0000000e-01
   8.4000000e-01
   8.4000000e-01
   8.2000000e-01
   8.6000000e-01
   8.8000000e-01
   1.6800000e+00
   9.8000000e-01
   8.8000000e-01
   1.6800000e+00
   9.8000000e-01
   9.0000000e-01
   1.6200000e+00
   9.6000000e-01
   8.2000000e-01
   1.6200000e+00
   1.6200000e+00
   1.6200000e+00
   8.4000000e-01
   8.6000000e-01
   1.6400000e+00
   9.6000000e-01
   8.6000000e-01
   1.6000000e+00
   9.6000000e-01
   8.4000000e-01
   1.6200000e+00
   9.6000000e-01
   8.4000000e-01
   1.6400000e+00
   8.8000000e-01
   8.8000000e-01
   9.0000000e-01
   9.0000000e-01
   1.7000000e+00
   9.2000000e-01
   8.6000000e-01
   1.6400000e+00
   9.6000000e-01
   8.4000000e-01
   1.7200000e+00
   8.8000000e-01
   8.4000000e-01
   1.6400000e+00
   1.6400000e+00
   1.6400000e+00
   1.7600000e+00
   1.6800000e+00
   9.2000000e-01
   8.6000000e-01
   1.6400000e+00
   9.6000000e-01
   8.6000000e-01
   1.6200000e+00
   9.6000000e-01
   8.6000000e-01
   1.6400000e+00
   9.6000000e-01
   8.6000000e-01
   1.6600000e+00
   9.8000000e-01
   8.8000000e-01
   1.6400000e+00
   9.8000000e-01
   9.0000000e-01
   8.4000000e-01
   8.6000000e-01
   8.6000000e-01
   1.7000000e+00
   1.6600000e+00
   8.4000000e-01
   8.0000000e-01
   1.6600000e+00
   8.6000000e-01
   8.2000000e-01
   1.7000000e+00
   8.6000000e-01
   8.4000000e-01
   1.6600000e+00
   1.6600000e+00
   9.0000000e-01
   8.6000000e-01
   1.6600000e+00
   9.4000000e-01
   8.8000000e-01
   8.8000000e-01
   8.4000000e-01
   1.7200000e+00
   8.8000000e-01
   9.0000000e-01
   8.8000000e-01
   8.8000000e-01
   8.6000000e-01
   8.8000000e-01
   1.6400000e+00
   9.2000000e-01
   8.6000000e-01
   1.6200000e+00
   9.6000000e-01
   8.4000000e-01
   1.7000000e+00
   9.0000000e-01
   8.6000000e-01
   1.7200000e+00
   1.7200000e+00
   1.7800000e+00
   1.7600000e+00
   9.4000000e-01
   8.8000000e-01
   1.7400000e+00
   1.7400000e+00
   1.7200000e+00
   1.7200000e+00
   8.8000000e-01
   9.0000000e-01
   9.0000000e-01
   9.0000000e-01
   9.2000000e-01
   9.2000000e-01
   9.0000000e-01
   9.0000000e-01
   8.8000000e-01
   9.2000000e-01
   8.8000000e-01
   8.8000000e-01
   1.6400000e+00
   9.8000000e-01
   8.8000000e-01
   1.6800000e+00
   9.4000000e-01
   8.6000000e-01
   1.6600000e+00
   9.4000000e-01
   8.6000000e-01
   1.6600000e+00
   9.6000000e-01
   8.8000000e-01
   9.0000000e-01
   8.8000000e-01
   1.7000000e+00
   9.6000000e-01
   9.0000000e-01
   8.8000000e-01
   8.8000000e-01
   8.8000000e-01
   8.8000000e-01
   9.2000000e-01
   9.2000000e-01
   1.7400000e+00
   1.0200000e+00
   9.0000000e-01
   9.0000000e-01
   8.8000000e-01
   1.7600000e+00
   9.4000000e-01
   9.0000000e-01
   1.7800000e+00
   1.7800000e+00
   9.0000000e-01
   8.8000000e-01
   9.2000000e-01
   9.0000000e-01
   1.7800000e+00
   9.2000000e-01
   8.8000000e-01
   9.4000000e-01
   9.0000000e-01
   9.0000000e-01
   9.2000000e-01
   9.0000000e-01
   9.0000000e-01
   9.2000000e-01
   9.0000000e-01
   9.2000000e-01
   9.2000000e-01
   9.0000000e-01
   9.4000000e-01
   9.2000000e-01
   9.4000000e-01
   9.4000000e-01
   9.6000000e-01
   9.4000000e-01
   9.6000000e-01
   9.8000000e-01
   9.4000000e-01
   1.7600000e+00
   1.0200000e+00
   9.2000000e-01
   9.2000000e-01
   8.8000000e-01
   1.7000000e+00
   1.0000000e+00
   8.8000000e-01
