   7.6000000e-01
   7.4000000e-01
   7.8000000e-01
   7.2000000e-01
   7.6000000e-01
   8.0000000e-01
   7.8000000e-01
   7.8000000e-01
   7.6000000e-01
   7.8000000e-01
   8.0000000e-01
   8.0000000e-01
   7.6000000e-01
   8.0000000e-01
   7.8000000e-01
   7.8000000e-01
   8.2000000e-01
   7.6000000e-01
   7.6000000e-01
   7.4000000e-01
   8.2000000e-01
   7.6000000e-01
   7.4000000e-01
   8.2000000e-01
   8.0000000e-01
   8.0000000e-01
   7.2000000e-01
   8.0000000e-01
   7.4000000e-01
   8.2000000e-01
   7.2000000e-01
   8.0000000e-01
   7.0000000e-01
   7.8000000e-01
   7.8000000e-01
   8.0000000e-01
   7.6000000e-01
   7.6000000e-01
   7.6000000e-01
   7.4000000e-01
   7.6000000e-01
   7.8000000e-01
   7.6000000e-01
   7.8000000e-01
   7.6000000e-01
   7.4000000e-01
   7.4000000e-01
   7.8000000e-01
   7.6000000e-01
   7.6000000e-01
   7.8000000e-01
   7.6000000e-01
   8.0000000e-01
   7.6000000e-01
   7.8000000e-01
   7.8000000e-01
   7.8000000e-01
   8.0000000e-01
   7.2000000e-01
   8.0000000e-01
   7.8000000e-01
   8.0000000e-01
   7.6000000e-01
   8.4000000e-01
   7.6000000e-01
   8.2000000e-01
   8.0000000e-01
   7.6000000e-01
   7.6000000e-01
   7.8000000e-01
   7.8000000e-01
   7.8000000e-01
   7.6000000e-01
   8.0000000e-01
   7.4000000e-01
   7.4000000e-01
   8.0000000e-01
   7.4000000e-01
   8.0000000e-01
   7.4000000e-01
   7.6000000e-01
   7.8000000e-01
   7.6000000e-01
   7.6000000e-01
   7.8000000e-01
   7.4000000e-01
   8.0000000e-01
   7.4000000e-01
   7.8000000e-01
   7.8000000e-01
   7.8000000e-01
   7.8000000e-01
   7.4000000e-01
   7.6000000e-01
   7.8000000e-01
   7.8000000e-01
   7.8000000e-01
   7.6000000e-01
   7.6000000e-01
   7.8000000e-01
   7.8000000e-01
   7.6000000e-01
   7.8000000e-01
   7.6000000e-01
   7.8000000e-01
   7.8000000e-01
   8.4000000e-01
   7.4000000e-01
   8.0000000e-01
   7.8000000e-01
   8.2000000e-01
   7.8000000e-01
   7.8000000e-01
   8.0000000e-01
   7.8000000e-01
   8.0000000e-01
   7.8000000e-01
   8.0000000e-01
   7.8000000e-01
   7.6000000e-01
   8.4000000e-01
   7.8000000e-01
   7.8000000e-01
   8.2000000e-01
   7.6000000e-01
   7.8000000e-01
   7.6000000e-01
   7.4000000e-01
   7.8000000e-01
   8.0000000e-01
   7.8000000e-01
   7.4000000e-01
   8.2000000e-01
   7.4000000e-01
   8.2000000e-01
   7.2000000e-01
   8.0000000e-01
   7.4000000e-01
   7.6000000e-01
   8.2000000e-01
   7.8000000e-01
   7.8000000e-01
   7.8000000e-01
   7.4000000e-01
   7.8000000e-01
   7.8000000e-01
   8.0000000e-01
   8.0000000e-01
   8.0000000e-01
   8.0000000e-01
   8.2000000e-01
   7.8000000e-01
   8.2000000e-01
   8.0000000e-01
   8.0000000e-01
   7.6000000e-01
   8.0000000e-01
   7.6000000e-01
   6.8000000e-01
   7.8000000e-01
   7.6000000e-01
   7.4000000e-01
   7.6000000e-01
   8.2000000e-01
   7.6000000e-01
   8.2000000e-01
   8.0000000e-01
   8.0000000e-01
   8.0000000e-01
   7.6000000e-01
   8.0000000e-01
   8.2000000e-01
   8.0000000e-01
   7.8000000e-01
   8.4000000e-01
   8.0000000e-01
   8.2000000e-01
   7.8000000e-01
   8.2000000e-01
   8.4000000e-01
   7.6000000e-01
   8.2000000e-01
   7.6000000e-01
   8.2000000e-01
   8.2000000e-01
   8.2000000e-01
   8.0000000e-01
   8.2000000e-01
   8.2000000e-01
   8.6000000e-01
   8.4000000e-01
   8.2000000e-01
   8.2000000e-01
   8.0000000e-01
   7.8000000e-01
   8.0000000e-01
   7.4000000e-01
   8.8000000e-01
   7.6000000e-01
   8.8000000e-01
   7.6000000e-01
   8.4000000e-01
   8.2000000e-01
   8.6000000e-01
   8.4000000e-01
   7.8000000e-01
   8.4000000e-01
   8.0000000e-01
   8.4000000e-01
   7.6000000e-01
   8.0000000e-01
   8.0000000e-01
   8.2000000e-01
   7.8000000e-01
   8.2000000e-01
   8.0000000e-01
   8.6000000e-01
   8.0000000e-01
   8.2000000e-01
   7.8000000e-01
   8.2000000e-01
   8.2000000e-01
   8.2000000e-01
   7.8000000e-01
   8.2000000e-01
   8.6000000e-01
   8.0000000e-01
   7.6000000e-01
   8.4000000e-01
   8.4000000e-01
   8.4000000e-01
   7.8000000e-01
   8.0000000e-01
   8.4000000e-01
   7.8000000e-01
   7.2000000e-01
   8.8000000e-01
   8.4000000e-01
   7.8000000e-01
   7.8000000e-01
   8.2000000e-01
   7.8000000e-01
   6.8000000e-01
   7.2000000e-01
   6.8000000e-01
   7.2000000e-01
   6.8000000e-01
   7.4000000e-01
   7.2000000e-01
   7.2000000e-01
   7.2000000e-01
   7.0000000e-01
   7.6000000e-01
   7.2000000e-01
   7.6000000e-01
   6.6000000e-01
   7.4000000e-01
   6.6000000e-01
   7.6000000e-01
   7.6000000e-01
   6.8000000e-01
   7.0000000e-01
   7.6000000e-01
   7.2000000e-01
   7.4000000e-01
   7.0000000e-01
   6.8000000e-01
   7.2000000e-01
   7.4000000e-01
   7.0000000e-01
   7.0000000e-01
   7.0000000e-01
   7.2000000e-01
   7.4000000e-01
   7.2000000e-01
   6.6000000e-01
   7.2000000e-01
   7.2000000e-01
   7.2000000e-01
   7.4000000e-01
   6.8000000e-01
   7.4000000e-01
   7.0000000e-01
   7.2000000e-01
   7.0000000e-01
   7.4000000e-01
   6.8000000e-01
   7.6000000e-01
   6.8000000e-01
   6.8000000e-01
   7.0000000e-01
   7.6000000e-01
   7.0000000e-01
   7.2000000e-01
   7.0000000e-01
   7.4000000e-01
   6.4000000e-01
   7.4000000e-01
   7.4000000e-01
   7.0000000e-01
   7.4000000e-01
   6.8000000e-01
   7.4000000e-01
   6.8000000e-01
   7.4000000e-01
   6.8000000e-01
   7.4000000e-01
   7.0000000e-01
   7.4000000e-01
   7.2000000e-01
   7.0000000e-01
   7.4000000e-01
   7.0000000e-01
   7.2000000e-01
   7.2000000e-01
   7.6000000e-01
   6.8000000e-01
   7.4000000e-01
   7.0000000e-01
   7.4000000e-01
   7.0000000e-01
   7.8000000e-01
   6.8000000e-01
   7.6000000e-01
   6.8000000e-01
   7.2000000e-01
   7.0000000e-01
   7.2000000e-01
   6.8000000e-01
   7.2000000e-01
   6.8000000e-01
   7.2000000e-01
   7.0000000e-01
   7.0000000e-01
   6.8000000e-01
   7.0000000e-01
   7.4000000e-01
   6.8000000e-01
   7.2000000e-01
   7.0000000e-01
   7.0000000e-01
   7.4000000e-01
   7.0000000e-01
   7.2000000e-01
   6.8000000e-01
   6.8000000e-01
   7.6000000e-01
   7.4000000e-01
   6.8000000e-01
   7.2000000e-01
   6.8000000e-01
   7.4000000e-01
   8.0000000e-01
   7.0000000e-01
   7.8000000e-01
   6.6000000e-01
   7.2000000e-01
   7.0000000e-01
   7.0000000e-01
   7.4000000e-01
   6.8000000e-01
   7.0000000e-01
   6.8000000e-01
   7.2000000e-01
   7.0000000e-01
   7.2000000e-01
   6.6000000e-01
   6.8000000e-01
   7.2000000e-01
   7.0000000e-01
   7.0000000e-01
   7.0000000e-01
   6.8000000e-01
   7.2000000e-01
   7.0000000e-01
   6.8000000e-01
   7.2000000e-01
   6.8000000e-01
   7.2000000e-01
   7.0000000e-01
   7.0000000e-01
   7.2000000e-01
   7.4000000e-01
   7.0000000e-01
   7.2000000e-01
   6.8000000e-01
   7.0000000e-01
   7.0000000e-01
   7.2000000e-01
   7.2000000e-01
   7.2000000e-01
   7.2000000e-01
   6.6000000e-01
   7.0000000e-01
   7.4000000e-01
   7.0000000e-01
   7.2000000e-01
   8.4000000e-01
   6.8000000e-01
   7.6000000e-01
   6.6000000e-01
   7.2000000e-01
   6.8000000e-01
   7.0000000e-01
   7.0000000e-01
   7.2000000e-01
   7.2000000e-01
   6.8000000e-01
   6.8000000e-01
   7.2000000e-01
   6.8000000e-01
   7.2000000e-01
   7.0000000e-01
   6.6000000e-01
   7.0000000e-01
   6.6000000e-01
   6.6000000e-01
   7.0000000e-01
   7.0000000e-01
   7.2000000e-01
   7.2000000e-01
   7.4000000e-01
   6.8000000e-01
   7.8000000e-01
   6.6000000e-01
   7.6000000e-01
   7.2000000e-01
   7.2000000e-01
   7.4000000e-01
   7.4000000e-01
   6.8000000e-01
   7.6000000e-01
   7.0000000e-01
   7.6000000e-01
   6.8000000e-01
   7.2000000e-01
   7.6000000e-01
   7.2000000e-01
   7.4000000e-01
   7.0000000e-01
   7.8000000e-01
   7.4000000e-01
   7.0000000e-01
   7.0000000e-01
   7.2000000e-01
   7.2000000e-01
   7.2000000e-01
   7.2000000e-01
   7.0000000e-01
   7.6000000e-01
   7.0000000e-01
   6.8000000e-01
   7.0000000e-01
   7.4000000e-01
   7.6000000e-01
   6.8000000e-01
   7.2000000e-01
   7.2000000e-01
   7.2000000e-01
   6.8000000e-01
   7.6000000e-01
   7.2000000e-01
   7.2000000e-01
   7.2000000e-01
   7.2000000e-01
   7.2000000e-01
   7.0000000e-01
   7.4000000e-01
   7.0000000e-01
   7.0000000e-01
   7.4000000e-01
   7.4000000e-01
   6.8000000e-01
   7.0000000e-01
   7.4000000e-01
   7.0000000e-01
   7.0000000e-01
   6.8000000e-01
   7.0000000e-01
   7.0000000e-01
   7.0000000e-01
   6.6000000e-01
   6.6000000e-01
   6.6000000e-01
   6.4000000e-01
   6.6000000e-01
   6.6000000e-01
   6.4000000e-01
   6.8000000e-01
   6.8000000e-01
   6.8000000e-01
   6.8000000e-01
   6.4000000e-01
   7.0000000e-01
   6.8000000e-01
   6.6000000e-01
   7.4000000e-01
   7.0000000e-01
   7.4000000e-01
   8.0000000e-01
   8.0000000e-01
   7.8000000e-01
   7.4000000e-01
   7.6000000e-01
   7.6000000e-01
   8.2000000e-01
   7.6000000e-01
   7.8000000e-01
   8.0000000e-01
   8.0000000e-01
   8.4000000e-01
   7.4000000e-01
   8.0000000e-01
   7.6000000e-01
   7.6000000e-01
   8.0000000e-01
   7.4000000e-01
   7.6000000e-01
   7.8000000e-01
   7.8000000e-01
   7.6000000e-01
   7.8000000e-01
   8.0000000e-01
   8.0000000e-01
   7.4000000e-01
   7.8000000e-01
   8.0000000e-01
   8.0000000e-01
   8.4000000e-01
   7.8000000e-01
   8.2000000e-01
   7.8000000e-01
   8.0000000e-01
   7.8000000e-01
   7.6000000e-01
   7.8000000e-01
   8.0000000e-01
   7.8000000e-01
   8.0000000e-01
   7.2000000e-01
   8.4000000e-01
   7.4000000e-01
   8.0000000e-01
   8.2000000e-01
   7.8000000e-01
   8.2000000e-01
   8.4000000e-01
   8.0000000e-01
   8.4000000e-01
   8.4000000e-01
   8.2000000e-01
   7.8000000e-01
   8.2000000e-01
   7.8000000e-01
   8.2000000e-01
   7.6000000e-01
   8.0000000e-01
   7.4000000e-01
   7.6000000e-01
   8.0000000e-01
   7.4000000e-01
   7.6000000e-01
   8.0000000e-01
   7.4000000e-01
   8.0000000e-01
   7.4000000e-01
   8.4000000e-01
   7.8000000e-01
   8.0000000e-01
   8.0000000e-01
   8.0000000e-01
   8.0000000e-01
   8.2000000e-01
   8.2000000e-01
   7.8000000e-01
   8.4000000e-01
   8.2000000e-01
   8.2000000e-01
   8.4000000e-01
   7.6000000e-01
   8.2000000e-01
   8.2000000e-01
   8.2000000e-01
   7.6000000e-01
   8.6000000e-01
   7.8000000e-01
   8.2000000e-01
   8.2000000e-01
   8.0000000e-01
   8.0000000e-01
   8.2000000e-01
   7.8000000e-01
   8.6000000e-01
   8.2000000e-01
   8.2000000e-01
   8.6000000e-01
   7.8000000e-01
   8.2000000e-01
   8.4000000e-01
   7.0000000e-01
   8.6000000e-01
   7.8000000e-01
   8.6000000e-01
   8.2000000e-01
   8.0000000e-01
   8.4000000e-01
   8.0000000e-01
   8.2000000e-01
   8.6000000e-01
   8.2000000e-01
   8.2000000e-01
   8.0000000e-01
   8.4000000e-01
   8.4000000e-01
   7.8000000e-01
   8.0000000e-01
   8.0000000e-01
   8.2000000e-01
   8.0000000e-01
   8.2000000e-01
   8.0000000e-01
   7.8000000e-01
   8.2000000e-01
   8.2000000e-01
   7.4000000e-01
   8.8000000e-01
   6.4000000e-01
